1. 2(2,4) 4(2,3,4,5,6) 576.63
2. 2(7) 4(1,2,3,4,5,6) 574.34
3. 2(1,3,10) 4(3,4,5,6) 573.57
4. 2(3,5,6) 4(3,4,5,6) 570.53
5. 2(1,7) 4(2,3,4,5,6) 570.49
6. 2(2,7) 4(2,3,4,5,6) 570.49
7. 2(1,2,6) 4(3,4,5,6) 569.73
8. 2(1,4,5) 4(3,4,5,6) 569.73
9. 2(1,3,6) 4(3,4,5,6) 569.24
10. 2(1,4,10) 4(3,4,5,6) 569.24
11. 2(3,4) 4(2,3,4,5,6) 569.2
12. 2(1,5,7) 4(3,4,5,6) 567.9
13. 2(1,6,8) 4(3,4,5,6) 567.9
14. 2(1,4,5,8) 4(4,5,6) 567.52
15. 2(2,3,5,6) 4(4,5,6) 567.52
16. 2(1,4,9,10) 4(3,4,5) 567.42
17. 2(1,2,10,11) 4(3,4,5) 567.42
18. 2(1,7,9) 4(2,3,4,5) 567.39
19. 2(2,7,10) 4(2,3,4,5) 567.39
20. 2(2,11) 4(2,3,4,5,6) 567.38
21. 2(1,3,10,11) 4(3,4,5) 566.93
22. 2(1,4,10,12) 4(3,4,5) 566.93
23. 2(1,5,6,8) 4(4,5,6) 566.62
24. 2(2,5,6,8) 4(4,5,6) 566.62
25. 2(1,2,7,9,10) 4(4,5) 566.07
26. 2(1,3,5,9,11) 4(4,5) 566.07
27. 2(2,4,5,10,12) 4(4,5) 566.07
28. 2(1,3,7,9,10) 4(3,5) 565.97
29. 2(1,2,7,10,12) 4(3,5) 565.97
30. 2(1,3,5,8,10,12) 4(5) 565.91
31. 2(3,9,11) 4(2,3,4,5) 565.62
32. 2(1,3,10,12) 4(3,4,5) 565.55
33. 2(2,4,6) 4(3,4,5,6) 565.3
34. 2(4,5,6) 4(3,4,5,6) 565.3
35. 2(1,2,5,7) 4(4,5,6) 564.9
36. 2(1,2,6,8) 4(4,5,6) 564.9
37. 2(4,9,11) 4(2,3,4,5) 564.72
38. 2(1,2,5,9,11) 4(4,5) 564.37
39. 2(2,4,5,9,10) 4(4,5) 564.37
40. 2(2,4,5,9,11) 4(4,5) 564.27
41. 2(1,5,6) 4(3,4,5,6) 564.02
42. 2(1,3,6,9) 4(3,4,5) 563.9
43. 2(1,2,7,10) 4(3,4,5) 563.9
44. 2(1,7,9,10) 4(3,4,5) 563.9
45. 2(2,6,10,12) 4(3,4,5) 563.9
46. 2(1,2,4,9,10) 4(4,5) 563.88
47. 2(1,2,9,10,11) 4(4,5) 563.88
48. 2(1,2,7,8,9,10) 4(5) 563.77
49. 2(1,5,6,12) 4(3,4,5) 563.48
50. 2(1,5,7,10) 4(3,4,5) 563.48
51. 2(1,2,6,9,12) 4(4,5) 563.44
52. 2(2,3,6,9,10) 4(4,5) 563.44
53. 2(5,7) 4(2,3,4,5,6) 563.44
54. 2(1,3,9,11) 4(3,4,5) 563.41
55. 2(1,3,7,10,12) 4(3,5) 563.3
56. 2(1,2,7) 4(3,4,5,6) 563.1
57. 2(2,3,6) 4(3,4,5,6) 563.1
58. 2(3,4,5) 4(3,4,5,6) 563.1
59. 2(1,5,11) 4(3,4,5,6) 563.1
60. 2(1,4,9,11) 4(3,4,5) 563.0
61. 2(2,4,10,11) 4(3,4,5) 563.0
62. 2(2,10,11) 4(2,3,4,5) 563.0
63. 2(2,11,12) 4(2,3,4,5) 563.0
64. 2(1,3,11) 4(3,4,5,6) 562.61
65. 2(1,7,10) 4(3,4,5,6) 562.61
66. 2(1,11) 4(2,3,4,5,6) 562.57
67. 2(3,11) 4(2,3,4,5,6) 562.57
68. 2(2,4,5,6) 4(4,5,6) 561.81
69. 2(2,4,5,8) 4(4,5,6) 561.81
70. 2(2,5,6,9) 4(4,5,6) 561.81
71. 2(1,3,6,10) 4(3,4,5) 561.71
72. 2(1,6,10,12) 4(3,4,5) 561.71
73. 2(2,7,9) 4(2,3,4,5) 561.68
74. 2(1,2,6,12) 4(3,4,5) 561.27
75. 2(1,6,9,12) 4(3,4,5) 561.27
76. 2(2,3,6,10) 4(3,4,5) 561.27
77. 2(3,6,9,10) 4(3,4,5) 561.27
78. 2(2,5,6,7,9) 4(4,5) 561.23
79. 2(1,2,4,5) 4(4,5,6) 561.01
80. 2(1,2,5,6) 4(4,5,6) 561.01
81. 2(1,2,6,7,8,9,11)  560.92
82. 2(2,3,5,6,7,9,11)  560.92
83. 2(1,2,7,9) 4(4,5,6) 560.89
84. 2(3,5,6,9) 4(4,5,6) 560.89
85. 2(1,2,7,10) 4(4,5,6) 560.89
86. 2(4,5,8,10) 4(4,5,6) 560.89
87. 2(1,3,5,6,9) 4(4,5) 560.84
88. 2(2,3,5,6,9) 4(4,5) 560.84
89. 2(2,5,6,9,12) 4(4,5) 560.84
90. 2(2,5,6,10,12) 4(4,5) 560.84
91. 2(1,4,5,9,12) 4(4,5) 560.82
92. 2(1,2,5,11,12) 4(4,5) 560.82
93. 2(2,3,5,10,11) 4(4,5) 560.82
94. 2(1,2,3,7,9,10) 4(5) 560.66
95. 2(1,3,7,8,9,10) 4(5) 560.66
96. 2(1,2,7,8,10,12) 4(5) 560.66
97. 2(1,2,7,9,10,12) 4(5) 560.66
98. 2(1,5,6,8,9) 4(4,5) 560.43
99. 2(2,5,6,8,10) 4(4,5) 560.43
100. 2(1,7,8,10,12) 4(3,5) 560.26
101. 2(1,5,7,8) 4(4,5,6) 559.99
102. 2(2,4,6,9) 4(4,5,6) 559.99
103. 2(2,5,6,7) 4(4,5,6) 559.99
104. 2(4,5,6,8) 4(4,5,6) 559.99
105. 2(1,4,12) 4(3,4,5,6) 559.99
106. 2(1,6,12) 4(3,4,5,6) 559.99
107. 2(3,4,10) 4(3,4,5,6) 559.99
108. 2(3,6,10) 4(3,4,5,6) 559.99
109. 2(1,6,7,9) 4(3,4,5) 559.96
110. 2(2,6,7,10) 4(3,4,5) 559.96
111. 2(3,5,6,11) 4(3,4,5) 559.96
112. 2(4,5,6,12) 4(3,4,5) 559.96
113. 2(2,4,5,6,9) 4(4,5) 559.94
114. 2(2,5,6,9,11) 4(4,5) 559.94
115. 2(1,3,5,7,8,10) 4(5) 559.76
116. 2(1,5,7,8,10,12) 4(5) 559.76
117. 2(1,2,6,9,10) 4(4,5) 559.56
118. 2(4,5,6,9) 4(3,4,5) 559.54
119. 2(2,5,6,11) 4(3,4,5) 559.54
120. 2(1,7,8,10) 4(3,4,5) 559.47
121. 2(3,5,6,12) 4(3,4,5) 559.47
122. 2(2,4,6,9) 4(3,4,5) 559.06
123. 2(4,7,9) 4(2,3,4,5) 559.06
124. 2(2,6,9,11) 4(3,4,5) 559.06
125. 2(2,7,11) 4(2,3,4,5) 559.06
126. 2(1,2,6,9) 4(3,4,5) 558.67
127. 2(2,6,7) 4(3,4,5,6) 558.67
128. 2(1,6,9,11) 4(3,4,5) 558.67
129. 2(2,4,6,10) 4(3,4,5) 558.67
130. 2(2,6,9,10) 4(3,4,5) 558.67
131. 2(4,5,11) 4(3,4,5,6) 558.67
132. 2(4,5,6,8,9) 4(4,5) 558.6
133. 2(2,5,6,8,11) 4(4,5) 558.6
134. 2(1,2,5,7,9,12) 4(5) 558.52
135. 2(2,3,5,7,9,10) 4(5) 558.52
136. 2(1,3,8,9,10,12) 4(5) 558.48
137. 2(1,5,7,9) 4(4,5,6) 558.26
138. 2(1,6,8,9) 4(4,5,6) 558.26
139. 2(2,5,7,10) 4(4,5,6) 558.26
140. 2(2,6,8,10) 4(4,5,6) 558.26
141. 2(1,2,5,7,9) 4(4,5) 558.22
142. 2(1,2,6,8,9) 4(4,5) 558.22
143. 2(1,2,5,6,12) 4(4,5) 558.22
144. 2(1,5,6,9,12) 4(4,5) 558.22
145. 2(2,3,5,6,10) 4(4,5) 558.22
146. 2(2,5,7,9,10) 4(4,5) 558.22
147. 2(2,6,8,9,10) 4(4,5) 558.22
148. 2(3,5,6,9,10) 4(4,5) 558.22
149. 2(1,4,9,12) 4(3,4,5) 558.16
150. 2(1,2,11,12) 4(3,4,5) 558.16
151. 2(1,6,7,8,9) 4(3,5) 558.09
152. 2(2,6,7,8,10) 4(3,5) 558.09
153. 2(1,3,5,7,9,10) 4(5) 558.04
154. 2(1,3,5,7,9,12) 4(5) 558.04
155. 2(1,2,5,7,10,12) 4(5) 558.04
156. 2(2,3,5,7,10,12) 4(5) 558.04
157. 2(2,5,6,7,8,9) 4(5) 558.03
158. 2(5,6,7) 4(3,4,5,6) 557.77
159. 2(5,6,8) 4(3,4,5,6) 557.77
160. 2(6,7,9) 4(2,3,4,5) 557.74
161. 2(1,2,6,9,11) 4(4,5) 557.73
162. 2(1,3,6,9,10) 4(4,5) 557.73
163. 2(1,4,5,9,11) 4(4,5) 557.73
164. 2(2,3,5,9,11) 4(4,5) 557.73
165. 2(2,4,5,9,12) 4(4,5) 557.73
166. 2(2,4,6,9,10) 4(4,5) 557.73
167. 2(1,2,6,10,12) 4(4,5) 557.73
168. 2(2,4,5,10,11) 4(4,5) 557.73
169. 2(2,4,9,11) 4(3,4,5) 557.67
170. 2(1,3,5,7,12) 4(3,5) 557.63
171. 2(3,5,7,10,12) 4(3,5) 557.63
172. 2(1,6,7) 4(3,4,5,6) 557.39
173. 2(1,2,6,10) 4(3,4,5) 557.39
174. 2(1,6,9,10) 4(3,4,5) 557.39
175. 2(1,4,11) 4(3,4,5,6) 557.39
176. 2(3,7) 4(2,3,4,5,6) 557.34
177. 2(4,7) 4(2,3,4,5,6) 557.34
178. 2(1,5,7,9) 4(3,4,5) 557.33
179. 2(1,5,7,11) 4(3,4,5) 557.33
180. 2(2,5,7,10) 4(3,4,5) 557.33
181. 2(4,5,7,10) 4(3,4,5) 557.33
182. 2(1,2,3,9,11) 4(4,5) 557.25
183. 2(2,4,9,10,12) 4(4,5) 557.25
184. 2(1,3,6,7,9) 4(3,5) 557.22
185. 2(1,3,7,9,11) 4(3,5) 557.22
186. 2(1,7,8,10,11) 4(3,5) 557.22
187. 2(1,4,5,9,10) 4(4,5) 556.93
188. 2(1,2,5,10,11) 4(4,5) 556.93
189. 2(1,4,10,11) 4(3,4,5) 556.9
190. 2(1,9,10,11) 4(3,4,5) 556.9
191. 2(4,11) 4(2,3,4,5,6) 556.86
192. 2(1,2,7,8,9,11) 4(5) 556.72
193. 2(1,5,7,8,9,11) 4(5) 556.72
194. 2(1,2,6,7,8,9) 4(5) 556.72
195. 2(2,6,7,8,9,10) 4(5) 556.72
196. 2(1,3,5,7,10,12) 4(5) 556.65
197. 2(1,4,6) 4(3,4,5,6) 556.59
198. 2(1,7,9) 4(3,4,5,6) 556.46
199. 2(1,8,11) 4(3,4,5,6) 556.46
200. 2(2,6,12) 4(3,4,5,6) 556.46
201. 2(2,7,10) 4(3,4,5,6) 556.46
202. 2(3,5,11) 4(3,4,5,6) 556.46
203. 2(4,5,12) 4(3,4,5,6) 556.46
204. 2(1,2,4,9,11) 4(4,5) 556.35
205. 2(2,4,9,10,11) 4(4,5) 556.35
206. 2(1,6,7,8,10) 4(3,5) 556.32
207. 2(1,2,3,6,7,9,11)  556.11
208. 2(1,3,5,6,7,9,11)  556.11
209. 2(1,3,6,7,8,9,11)  556.11
210. 2(1,6,10) 4(3,4,5,6) 556.1
211. 2(1,3,4) 4(3,4,5,6) 556.1
212. 2(1,4,6,9) 4(3,4,5) 556.05
213. 2(2,5,7) 4(3,4,5,6) 556.05
214. 2(4,5,7) 4(3,4,5,6) 556.05
215. 2(4,6,8) 4(3,4,5,6) 556.05
216. 2(1,2,6,11) 4(3,4,5) 556.05
217. 2(2,6,11) 4(3,4,5,6) 556.05
218. 2(4,6,9,10) 4(3,4,5) 556.05
219. 2(2,6,10,11) 4(3,4,5) 556.05
220. 2(1,5,6,7,8,9) 4(5) 555.82
221. 2(3,5,6,7,8,9) 4(5) 555.82
222. 2(2,6,7,9) 4(3,4,5) 555.53
223. 2(1,3,5,7,8,9) 4(5) 555.44
224. 2(1,2,5,7,8,10) 4(5) 555.44
225. 2(1,5,7,8,9,10) 4(5) 555.44
226. 2(2,5,7,8,10,12) 4(5) 555.44
227. 2(3,5,6,7,8,9,11)  555.21
228. 2(2,5,6,7) 4(3,4,5) 555.12
229. 2(5,6,7,9) 4(3,4,5) 555.12
230. 2(4,5,7) 4(2,3,4,5) 555.12
231. 2(5,7,11) 4(2,3,4,5) 555.12
232. 2(1,3,6,12) 4(3,4,5) 555.08
233. 2(1,3,7,10) 4(3,4,5) 555.08
234. 2(1,7,10,12) 4(3,4,5) 555.08
235. 2(3,6,10,12) 4(3,4,5) 555.08
236. 2(2,5,6,8,9) 4(4,5) 554.72
237. 2(1,2,10,11,12) 4(4,5) 554.62
238. 2(1,2,4,9,12) 4(4,5) 554.62
239. 2(1,2,9,11,12) 4(4,5) 554.62
240. 2(2,3,9,10,11) 4(4,5) 554.62
241. 2(1,3,5,7,11) 4(3,5) 554.6
242. 2(1,2,7,10,11) 4(3,5) 554.6
243. 2(1,6,7,9,12) 4(3,5) 554.6
244. 2(3,6,7,9,10) 4(3,5) 554.6
245. 2(1,2,6,7,9,12) 4(5) 554.51
246. 2(1,3,5,7,9,11) 4(5) 554.51
247. 2(2,3,6,7,9,10) 4(5) 554.51
248. 2(1,2,7,8,10,11) 4(5) 554.51
249. 2(1,2,4,8) 4(4,5,6) 554.38
250. 2(1,5,6,9) 4(4,5,6) 554.38
251. 2(1,2,6,10) 4(4,5,6) 554.38
252. 2(2,5,6,10) 4(4,5,6) 554.38
253. 2(1,2,5,6,9) 4(4,5) 554.33
254. 2(2,5,6,9,10) 4(4,5) 554.33
255. 2(4,5,6,7,8,9,11)  554.31
256. 2(1,7,11) 4(2,3,4,5) 554.25
257. 2(4,7,10) 4(2,3,4,5) 554.25
258. 2(7,9,10) 4(2,3,4,5) 554.25
259. 2(1,5,7,12) 4(3,4,5) 554.22
260. 2(3,5,7,10) 4(3,4,5) 554.22
261. 2(1,2,6,7,9) 4(4,5) 554.21
262. 2(2,3,5,6,12) 4(4,5) 554.21
263. 2(2,4,5,6,12) 4(4,5) 554.21
264. 2(2,6,7,9,10) 4(4,5) 554.21
265. 2(3,5,6,9,11) 4(4,5) 554.21
266. 2(3,5,6,9,12) 4(4,5) 554.21
267. 2(1,3,5,8,9,10) 4(5) 554.15
268. 2(1,3,5,8,9,12) 4(5) 554.15
269. 2(1,2,5,7,8,11) 4(5) 554.1
270. 2(1,2,5,7,9,11) 4(5) 554.1
271. 2(2,3,5,7,9,11) 4(5) 554.1
272. 2(2,5,7,8,10,11) 4(5) 554.1
273. 2(1,5,6,7) 4(3,4,5) 553.83
274. 2(5,6,7,10) 4(3,4,5) 553.83
275. 2(1,5,6,7,9) 4(4,5) 553.8
276. 2(1,5,6,8,11) 4(4,5) 553.8
277. 2(2,5,6,7,10) 4(4,5) 553.8
278. 2(4,5,6,8,10) 4(4,5) 553.8
279. 2(1,3,12) 4(3,4,5,6) 553.79
280. 2(1,3,4,10) 4(3,4,5) 553.79
281. 2(1,10,11,12) 4(3,4,5) 553.79
282. 2(1,6,7,8,12) 4(3,5) 553.7
283. 2(3,6,7,8,10) 4(3,5) 553.7
284. 2(1,2,6,7,8,10,11)  553.49
285. 2(2,3,5,6,7,11,12)  553.49
286. 2(1,5,6,11) 4(3,4,5) 553.45
287. 2(4,5,6,10) 4(3,4,5) 553.45
288. 2(1,3,5,6,12) 4(4,5) 553.31
289. 2(3,5,6,10,12) 4(4,5) 553.31
290. 2(2,3,6,7,9) 4(3,5) 553.28
291. 2(1,7,8,9,11) 4(3,5) 553.28
292. 2(2,6,7,9,12) 4(3,5) 553.28
293. 2(1,2,5,9,10) 4(4,5) 553.05
294. 2(1,6,7,10) 4(3,4,5) 552.96
295. 2(5,6,10,12) 4(3,4,5) 552.96
296. 2(1,2,3,6,9) 4(4,5) 552.92
297. 2(2,6,9,10,12) 4(4,5) 552.92
298. 2(6,7) 4(2,3,4,5,6) 552.92
299. 2(6,7,8) 4(2,3,4,5) 552.9
300. 2(1,3,7,9,12) 4(3,5) 552.82
301. 2(1,3,7,10,11) 4(3,5) 552.82
302. 2(2,3,7,10,12) 4(3,5) 552.82
303. 2(1,2,5,7,8,12) 4(5) 552.81
304. 2(1,5,7,8,9,12) 4(5) 552.81
305. 2(2,3,5,7,8,10) 4(5) 552.81
306. 2(3,5,7,8,9,10) 4(5) 552.81
307. 2(1,5,6,7,8,12) 4(5) 552.71
308. 2(3,5,6,7,8,10) 4(5) 552.71
309. 2(2,5,6,7,8,10,11)  552.59
310. 2(2,5,6,7,8,11,12)  552.59
311. 2(1,3,5,7) 4(4,5,6) 552.55
312. 2(2,4,5,7) 4(4,5,6) 552.55
313. 2(2,4,6,8) 4(4,5,6) 552.55
314. 2(2,5,7,9) 4(4,5,6) 552.55
315. 2(2,6,8,9) 4(4,5,6) 552.55
316. 2(4,5,6,9) 4(4,5,6) 552.55
317. 2(1,5,7,10) 4(4,5,6) 552.55
318. 2(1,6,8,10) 4(4,5,6) 552.55
319. 2(3,4,11) 4(2,3,4,5) 552.48
320. 2(4,11,12) 4(2,3,4,5) 552.48
321. 2(1,2,7,9) 4(3,4,5) 552.04
322. 2(2,3,6,9) 4(3,4,5) 552.04
323. 2(1,7,9,11) 4(3,4,5) 552.04
324. 2(2,4,6,12) 4(3,4,5) 552.04
325. 2(2,4,7,10) 4(3,4,5) 552.04
326. 2(2,6,9,12) 4(3,4,5) 552.04
327. 2(2,7,9,10) 4(3,4,5) 552.04
328. 2(3,6,9,11) 4(3,4,5) 552.04
329. 2(1,2,7,11,12) 4(3,5) 551.97
330. 2(1,5,7,11,12) 4(3,5) 551.97
331. 2(2,3,7,10,11) 4(3,5) 551.97
332. 2(3,5,7,10,11) 4(3,5) 551.97
333. 2(1,2,3,7,10,12) 4(5) 551.84
334. 2(1,3,7,9,10,12) 4(5) 551.84
335. 2(3,4,5,6,9) 4(4,5) 551.59
336. 2(1,5,7,9,11) 4(4,5) 551.59
337. 2(1,6,8,9,11) 4(4,5) 551.59
338. 2(2,3,5,6,11) 4(4,5) 551.59
339. 2(2,4,5,7,10) 4(4,5) 551.59
340. 2(2,4,6,8,10) 4(4,5) 551.59
341. 2(4,5,6,9,12) 4(4,5) 551.59
342. 2(2,5,6,11,12) 4(4,5) 551.59
343. 2(5,6,7,8,12) 4(3,5) 551.48
344. 2(1,2,4,5,9) 4(4,5) 551.22
345. 2(2,5,9,10,11) 4(4,5) 551.22
346. 2(1,3,6,9,12) 4(4,5) 551.1
347. 2(2,4,7,9,10) 4(4,5) 551.1
348. 2(3,4,5,9,11) 4(4,5) 551.1
349. 2(2,3,6,10,12) 4(4,5) 551.1
350. 2(1,2,7,9,11) 4(4,5) 551.1
351. 2(2,3,6,9,11) 4(4,5) 551.1
352. 2(2,4,6,9,12) 4(4,5) 551.1
353. 2(2,4,5,11,12) 4(4,5) 551.1
354. 2(1,2,5,6,7,11,12)  550.87
355. 2(1,2,6,7,8,11,12)  550.87
356. 2(2,3,6,7,8,10,11)  550.87
357. 2(1,7,8) 4(3,4,5,6) 550.75
358. 2(1,3,6,11) 4(3,4,5) 550.75
359. 2(1,4,7,10) 4(3,4,5) 550.75
360. 2(5,6,12) 4(3,4,5,6) 550.75
361. 2(1,7,10,11) 4(3,4,5) 550.75
362. 2(4,6,10,12) 4(3,4,5) 550.75
363. 2(7,9) 4(2,3,4,5,6) 550.71
364. 2(7,10) 4(2,3,4,5,6) 550.71
365. 2(2,4,5,7,9) 4(4,5) 550.69
366. 2(2,4,6,8,9) 4(4,5) 550.69
367. 2(2,5,7,9,11) 4(4,5) 550.69
368. 2(2,6,8,9,11) 4(4,5) 550.69
369. 2(3,5,7,9,11) 4(3,5) 550.66
370. 2(2,7,8,10,11) 4(3,5) 550.66
371. 2(2,5,7,8,9,11) 4(5) 550.6
372. 2(4,5,9,10,12) 4(4,5) 550.3
373. 2(2,5,10,11,12) 4(4,5) 550.3
374. 2(1,5,9,11,12) 4(4,5) 550.3
375. 2(3,5,9,10,11) 4(4,5) 550.3
376. 2(4,5,7,9) 4(3,4,5) 550.29
377. 2(2,5,7,11) 4(3,4,5) 550.29
378. 2(1,2,5,7,8,9) 4(5) 550.21
379. 2(2,5,7,8,9,10) 4(5) 550.21
380. 2(1,4,7) 4(3,4,5,6) 549.95
381. 2(3,4,6) 4(3,4,5,6) 549.95
382. 2(1,6,11) 4(3,4,5,6) 549.95
383. 2(4,6,10) 4(3,4,5,6) 549.95
384. 2(1,2,4,11) 4(3,4,5) 549.85
385. 2(4,9,10,11) 4(3,4,5) 549.85
386. 2(5,6,7,8) 4(3,4,5) 549.8
387. 2(1,3,7) 4(3,4,5,6) 549.47
388. 2(1,10,11) 4(3,4,5,6) 549.47
389. 2(1,4,7,9) 4(3,4,5) 549.41
390. 2(3,4,6,9) 4(3,4,5) 549.41
391. 2(1,2,7,11) 4(3,4,5) 549.41
392. 2(2,3,6,11) 4(3,4,5) 549.41
393. 2(4,6,9,12) 4(3,4,5) 549.41
394. 2(4,7,9,10) 4(3,4,5) 549.41
395. 2(2,6,11,12) 4(3,4,5) 549.41
396. 2(2,7,10,11) 4(3,4,5) 549.41
397. 2(1,2,5,7,11,12) 4(5) 549.27
398. 2(2,3,5,7,10,11) 4(5) 549.27
399. 2(4,5,6,11) 4(3,4,5) 549.02
400. 2(5,6,9,11) 4(3,4,5) 549.02
401. 2(1,4,5,7,9) 4(4,5) 548.96
402. 2(1,4,6,8,9) 4(4,5) 548.96
403. 2(1,2,5,7,11) 4(4,5) 548.96
404. 2(1,2,6,8,11) 4(4,5) 548.96
405. 2(4,5,7,9,10) 4(4,5) 548.96
406. 2(4,6,8,9,10) 4(4,5) 548.96
407. 2(2,5,7,10,11) 4(4,5) 548.96
408. 2(2,6,8,10,11) 4(4,5) 548.96
409. 2(1,2,3,7,9,11) 4(5) 548.8
410. 2(1,3,5,7,8,11) 4(5) 548.8
411. 2(1,2,7,9,10,11) 4(5) 548.8
412. 2(1,5,7,8,10,11) 4(5) 548.8
413. 2(1,3,6,7,8,9) 4(5) 548.8
414. 2(1,2,6,7,8,10) 4(5) 548.8
415. 2(1,6,7,8,9,10) 4(5) 548.8
416. 2(2,6,7,8,10,12) 4(5) 548.8
417. 2(2,5,6,7,8,11) 4(5) 548.78
418. 2(2,6,7,9) 4(4,5,6) 548.54
419. 2(1,7,8,10) 4(4,5,6) 548.54
420. 2(2,4,7) 4(2,3,4,5) 548.54
421. 2(7,9,11) 4(2,3,4,5) 548.54
422. 2(2,5,6,7,8) 4(4,5) 548.47
423. 2(5,6,7,8,9) 4(4,5) 548.47
424. 2(2,6,7,9,11) 4(3,5) 548.44
425. 2(3,5,7) 4(3,4,5,6) 548.13
426. 2(3,6,8) 4(3,4,5,6) 548.13
427. 2(1,4,6,12) 4(3,4,5) 548.13
428. 2(3,4,6,10) 4(3,4,5) 548.13
429. 2(5,7,10) 4(3,4,5,6) 548.13
430. 2(6,8,10) 4(3,4,5,6) 548.13
431. 2(1,6,11,12) 4(3,4,5) 548.13
432. 2(3,6,10,11) 4(3,4,5) 548.13
433. 2(2,4,5,6,8) 4(4,5) 548.09
434. 2(5,6,8,9,11) 4(4,5) 548.09
435. 2(2,3,5,7,11) 4(3,5) 548.03
436. 2(2,5,7,10,11) 4(3,5) 548.03
437. 2(2,5,7,11,12) 4(3,5) 548.03
438. 2(1,2,3,5,7,9) 4(5) 548.0
439. 2(1,2,5,7,9,10) 4(5) 548.0
440. 2(1,2,7,8,9,12) 4(5) 548.0
441. 2(2,3,5,7,9,12) 4(5) 548.0
442. 2(2,3,7,8,9,10) 4(5) 548.0
443. 2(2,5,7,9,10,12) 4(5) 548.0
444. 2(1,4,6,7,8,9,11)  547.78
445. 2(2,3,6,7,8,9,11)  547.78
446. 2(2,5,6,7,9,11,12)  547.78
447. 2(1,2,6,7) 4(4,5,6) 547.74
448. 2(1,2,7,8) 4(4,5,6) 547.74
449. 2(3,4,5,6) 4(4,5,6) 547.74
450. 2(2,4,6,10) 4(4,5,6) 547.74
451. 2(1,5,6,9,11) 4(4,5) 547.7
452. 2(2,4,5,6,10) 4(4,5) 547.7
453. 2(4,9,10,12) 4(3,4,5) 547.64
454. 2(2,10,11,12) 4(3,4,5) 547.64
455. 2(1,4,11,12) 4(3,4,5) 547.64
456. 2(1,9,11,12) 4(3,4,5) 547.64
457. 2(3,4,10,11) 4(3,4,5) 547.64
458. 2(3,9,10,11) 4(3,4,5) 547.64
459. 2(5,6,7,8,11) 4(3,5) 547.54
460. 2(1,2,3,7,8,10) 4(5) 547.52
461. 2(1,2,3,7,9,12) 4(5) 547.52
462. 2(1,7,8,9,10,12) 4(5) 547.52
463. 2(2,3,7,9,10,12) 4(5) 547.52
464. 2(5,6,8,9,10) 4(4,5) 547.29
465. 2(1,6,7,8) 4(3,4,5) 547.2
466. 2(3,5,6,7) 4(3,4,5) 547.2
467. 2(5,6,7,12) 4(3,4,5) 547.2
468. 2(6,7,8,10) 4(3,4,5) 547.2
469. 2(1,6,7,8,9) 4(4,5) 547.16
470. 2(3,5,6,7,9) 4(4,5) 547.16
471. 2(2,5,6,7,12) 4(4,5) 547.16
472. 2(2,6,7,8,10) 4(4,5) 547.16
473. 2(3,5,6,8,11) 4(4,5) 547.16
474. 2(4,5,6,8,12) 4(4,5) 547.16
475. 2(1,3,11,12) 4(3,4,5) 547.16
476. 2(3,4,10,12) 4(3,4,5) 547.16
477. 2(1,3,6,7,12) 4(3,5) 547.11
478. 2(3,6,7,10,12) 4(3,5) 547.11
479. 2(1,5,6,7) 4(4,5,6) 546.84
480. 2(2,5,7,8) 4(4,5,6) 546.84
481. 2(5,6,8,9) 4(4,5,6) 546.84
482. 2(5,6,8,10) 4(4,5,6) 546.84
483. 2(1,2,6,7) 4(3,4,5) 546.81
484. 2(3,4,5,6) 4(3,4,5) 546.81
485. 2(6,7,9,10) 4(3,4,5) 546.81
486. 2(5,6,11,12) 4(3,4,5) 546.81
487. 2(1,3,5,6,10) 4(4,5) 546.8
488. 2(1,5,6,10,12) 4(4,5) 546.8
489. 2(5,6,7,8) 4(4,5,6) 546.74
490. 2(1,3,5,7,8,12) 4(5) 546.62
491. 2(3,5,7,8,10,12) 4(5) 546.62
492. 2(1,5,6,10) 4(3,4,5) 546.45
493. 2(1,2,4,5,10) 4(4,5) 546.41
494. 2(1,5,9,10,11) 4(4,5) 546.41
495. 2(1,3,6,9,11) 4(4,5) 546.29
496. 2(2,3,6,9,12) 4(4,5) 546.29
497. 2(2,4,6,10,12) 4(4,5) 546.29
498. 2(1,2,7,9,11,12) 4(5) 546.18
499. 2(2,3,7,9,10,11) 4(5) 546.18
500. 2(1,2,6,7,8,12) 4(5) 546.18
501. 2(1,6,7,8,9,12) 4(5) 546.18
502. 2(2,3,6,7,8,10) 4(5) 546.18
503. 2(3,6,7,8,9,10) 4(5) 546.18
504. 2(1,5,7,8,11,12) 4(5) 546.18
505. 2(3,5,7,8,10,11) 4(5) 546.18
506. 2(1,3,7,8,10,12) 4(5) 546.13
507. 2(2,4,6,11) 4(3,4,5) 545.91
508. 2(4,6,9,11) 4(3,4,5) 545.91
509. 2(2,5,6,7,11) 4(3,5) 545.82
510. 2(2,6,7,8,11) 4(3,5) 545.82
511. 2(2,4,7) 4(3,4,5,6) 545.53
512. 2(5,6,11) 4(3,4,5,6) 545.53
513. 2(1,4,5,7) 4(4,5,6) 545.12
514. 2(1,4,6,8) 4(4,5,6) 545.12
515. 2(1,4,6,9) 4(4,5,6) 545.12
516. 2(2,3,5,7) 4(4,5,6) 545.12
517. 2(1,4,5,6,9) 4(4,5) 545.08
518. 2(1,2,5,6,11) 4(4,5) 545.08
519. 2(4,5,6,9,10) 4(4,5) 545.08
520. 2(2,5,6,10,11) 4(4,5) 545.08
521. 2(1,2,6,7,8) 4(3,5) 544.95
522. 2(3,6,7,8,9) 4(3,5) 544.95
523. 2(1,6,7,8,11) 4(3,5) 544.95
524. 2(2,6,7,8,12) 4(3,5) 544.95
525. 2(3,5,6,7,11) 4(3,5) 544.95
526. 2(6,7,8,9,10) 4(3,5) 544.95
527. 2(1,2,3,5,7,10) 4(5) 544.9
528. 2(1,2,3,5,7,12) 4(5) 544.9
529. 2(1,5,7,9,10,12) 4(5) 544.9
530. 2(3,5,7,9,10,12) 4(5) 544.9
531. 2(3,6,7) 4(2,3,4,5) 544.6
532. 2(6,7,12) 4(2,3,4,5) 544.6
533. 2(1,2,4,6,9) 4(4,5) 544.59
534. 2(1,2,3,6,10) 4(4,5) 544.59
535. 2(1,2,4,5,11) 4(4,5) 544.59
536. 2(1,6,9,10,12) 4(4,5) 544.59
537. 2(2,6,9,10,11) 4(4,5) 544.59
538. 2(4,5,9,10,11) 4(4,5) 544.59
539. 2(1,5,10,11,12) 4(4,5) 544.59
540. 2(2,5,9,11,12) 4(4,5) 544.59
541. 2(2,4,6,9,11) 4(4,5) 544.49
542. 2(1,3,6,10,12) 4(4,5) 544.49
543. 2(1,4,6,10) 4(3,4,5) 544.24
544. 2(5,6,10) 4(3,4,5,6) 544.24
545. 2(1,6,10,11) 4(3,4,5) 544.24
546. 2(1,2,5,7) 4(3,4,5) 544.19
547. 2(1,4,5,7) 4(3,4,5) 544.19
548. 2(5,7,9,10) 4(3,4,5) 544.19
549. 2(5,7,10,11) 4(3,4,5) 544.19
550. 2(1,3,7,9) 4(3,4,5) 544.12
551. 2(2,3,6,12) 4(3,4,5) 544.12
552. 2(3,6,9,12) 4(3,4,5) 544.12
553. 2(2,7,10,12) 4(3,4,5) 544.12
554. 2(1,2,4,10,11) 4(4,5) 544.1
555. 2(1,4,9,10,11) 4(4,5) 544.1
556. 2(1,7,9,10,11) 4(3,5) 544.08
557. 2(1,3,7,8,11) 4(3,5) 544.08
558. 2(1,6,7,9,10) 4(3,5) 544.08
559. 2(3,6,7,9,12) 4(3,5) 544.08
560. 2(2,3,6,7,9,12) 4(5) 544.0
561. 2(2,6,7,9,10,12) 4(5) 544.0
562. 2(1,3,7,8,9,11) 4(5) 544.0
563. 2(1,7,8,9,10,11) 4(5) 544.0
564. 2(2,5,6,7,9,11) 4(5) 543.97
565. 2(2,6,7,8,9,11) 4(5) 543.97
566. 2(1,3,5,7) 4(3,4,5) 543.7
567. 2(1,6,7,12) 4(3,4,5) 543.7
568. 2(3,6,7,10) 4(3,4,5) 543.7
569. 2(5,7,10,12) 4(3,4,5) 543.7
570. 2(1,4,7,9,10) 4(4,5) 543.67
571. 2(1,2,7,10,11) 4(4,5) 543.67
572. 2(1,4,5,11,12) 4(4,5) 543.67
573. 2(3,4,5,10,11) 4(4,5) 543.67
574. 2(3,5,7,8,9,11) 4(5) 543.58
575. 2(2,7,8,9,10,11) 4(5) 543.58
576. 2(2,3,6,7,8,9) 4(5) 543.58
577. 2(2,6,7,8,9,12) 4(5) 543.58
578. 2(1,7,11) 4(3,4,5,6) 543.32
579. 2(3,6,11) 4(3,4,5,6) 543.32
580. 2(4,6,12) 4(3,4,5,6) 543.32
581. 2(4,7,10) 4(3,4,5,6) 543.32
582. 2(4,5,7,9) 4(4,5,6) 543.3
583. 2(4,6,8,9) 4(4,5,6) 543.3
584. 2(2,5,7,11) 4(4,5,6) 543.3
585. 2(3,5,7,10) 4(4,5,6) 543.3
586. 2(3,4,9,11) 4(3,4,5) 543.22
587. 2(2,4,11,12) 4(3,4,5) 543.22
588. 2(1,3,6,7,8) 4(3,5) 543.18
589. 2(6,7,8,10,12) 4(3,5) 543.18
590. 2(1,6,7,8,9,10,11)  542.97
591. 2(3,5,6,7,9,11,12)  542.97
592. 2(3,6,12) 4(3,4,5,6) 542.83
593. 2(4,10,12) 4(3,4,5,6) 542.83
594. 2(5,6,7,8,9,10) 4(5) 542.68
595. 2(5,6,7,8,9,12) 4(5) 542.68
596. 2(3,5,6,7,8,12) 4(5) 542.2
597. 2(5,6,7,8,10,12) 4(5) 542.2
598. 2(3,4,5,6,7,8,11)  542.07
599. 2(4,5,6,7,8,11,12)  542.07
600. 2(4,5,6,7) 4(3,4,5) 541.98
601. 2(5,6,7,11) 4(3,4,5) 541.98
602. 2(1,2,7,12) 4(3,4,5) 541.5
603. 2(1,7,9,12) 4(3,4,5) 541.5
604. 2(2,3,7,10) 4(3,4,5) 541.5
605. 2(3,7,9,10) 4(3,4,5) 541.5
606. 2(1,2,5,8,9,12) 4(5) 541.5
607. 2(2,6,7,8,9) 4(4,5) 541.45
608. 2(1,2,3,7,11) 4(3,5) 541.45
609. 2(4,5,6,8,11) 4(4,5) 541.45
610. 2(1,5,7,10,11) 4(3,5) 541.45
611. 2(3,5,7,11,12) 4(3,5) 541.45
612. 2(2,7,10,11,12) 4(3,5) 541.45
613. 2(1,7,8,11,12) 4(3,5) 541.45
614. 2(1,7,9,11,12) 4(3,5) 541.45
615. 2(3,7,8,10,11) 4(3,5) 541.45
616. 2(3,7,9,10,11) 4(3,5) 541.45
617. 2(1,2,4,6) 4(4,5,6) 541.23
618. 2(1,4,5,6) 4(4,5,6) 541.23
619. 2(1,2,5,6,10) 4(4,5) 541.19
620. 2(1,5,6,9,10) 4(4,5) 541.19
621. 2(1,3,7,9) 4(4,5,6) 541.11
622. 2(1,6,7,9) 4(4,5,6) 541.11
623. 2(1,7,8,9) 4(4,5,6) 541.11
624. 2(1,7,9,10) 4(4,5,6) 541.11
625. 2(2,4,7,10) 4(4,5,6) 541.11
626. 2(2,6,7,10) 4(4,5,6) 541.11
627. 2(2,7,8,10) 4(4,5,6) 541.11
628. 2(2,7,9,10) 4(4,5,6) 541.11
629. 2(1,4,7) 4(2,3,4,5) 541.1
630. 2(3,7,11) 4(2,3,4,5) 541.1
631. 2(4,7,12) 4(2,3,4,5) 541.1
632. 2(7,10,11) 4(2,3,4,5) 541.1
633. 2(1,2,6,7,10) 4(4,5) 541.07
634. 2(1,3,5,6,11) 4(4,5) 541.07
635. 2(1,6,7,9,10) 4(4,5) 541.07
636. 2(4,5,6,10,12) 4(4,5) 541.07
637. 2(1,4,6,9,12) 4(4,5) 541.04
638. 2(3,4,6,9,10) 4(4,5) 541.04
639. 2(1,2,6,11,12) 4(4,5) 541.04
640. 2(2,3,6,10,11) 4(4,5) 541.04
641. 2(1,5,8,9,10,12) 4(5) 541.01
642. 2(3,5,8,9,10,12) 4(5) 541.01
643. 2(2,3,5,7,8,11) 4(5) 540.96
644. 2(2,5,7,8,11,12) 4(5) 540.96
645. 2(2,5,7,9,10,11) 4(5) 540.96
646. 2(2,5,7,9,11,12) 4(5) 540.96
647. 2(1,3,6,7,9,10) 4(5) 540.89
648. 2(1,3,6,7,9,12) 4(5) 540.89
649. 2(1,3,7,8,10,11) 4(5) 540.89
650. 2(1,3,7,9,10,11) 4(5) 540.89
651. 2(1,2,5,6,7) 4(4,5) 540.65
652. 2(1,4,5,6,8) 4(4,5) 540.65
653. 2(5,6,7,9,10) 4(4,5) 540.65
654. 2(5,6,8,10,11) 4(4,5) 540.65
655. 2(2,6,7,8,10,11,12)  540.35
656. 2(1,5,6,7,9,11,12)  540.35
657. 2(1,6,7,8,9,11,12)  540.35
658. 2(3,6,7,8,9,10,11)  540.35
659. 2(1,4,5,6) 4(3,4,5) 540.3
660. 2(5,6,10,11) 4(3,4,5) 540.3
661. 2(1,6,7,8) 4(4,5,6) 540.21
662. 2(2,4,7,9) 4(4,5,6) 540.21
663. 2(2,6,7,8) 4(4,5,6) 540.21
664. 2(3,5,6,7) 4(4,5,6) 540.21
665. 2(4,5,7,8) 4(4,5,6) 540.21
666. 2(5,6,7,9) 4(4,5,6) 540.21
667. 2(1,3,7,10) 4(4,5,6) 540.21
668. 2(1,7,12) 4(3,4,5,6) 540.21
669. 2(3,7,10) 4(3,4,5,6) 540.21
670. 2(5,7,8,10) 4(4,5,6) 540.21
671. 2(1,11,12) 4(3,4,5,6) 540.21
672. 2(3,10,11) 4(3,4,5,6) 540.21
673. 2(3,6,7,9) 4(3,4,5) 540.18
674. 2(1,7,8,11) 4(3,4,5) 540.18
675. 2(2,6,7,12) 4(3,4,5) 540.18
676. 2(4,7,8,10) 4(3,4,5) 540.18
677. 2(2,4,5,6,11) 4(4,5) 540.17
678. 2(4,5,6,9,11) 4(4,5) 540.17
679. 2(1,6,7,9,11) 4(3,5) 540.14
680. 2(3,6,7,9,11) 4(3,5) 540.14
681. 2(1,3,6,7,8,10) 4(5) 539.99
682. 2(1,6,7,8,10,12) 4(5) 539.99
683. 2(1,4,5,10,11) 4(4,5) 539.78
684. 2(2,4,5,7) 4(3,4,5) 539.77
685. 2(2,5,7,9) 4(3,4,5) 539.77
686. 2(4,6,7,9) 4(3,4,5) 539.77
687. 2(2,6,7,11) 4(3,4,5) 539.77
688. 2(4,5,7,11) 4(3,4,5) 539.77
689. 2(5,7,9,11) 4(3,4,5) 539.77
690. 2(1,2,3,7,12) 4(3,5) 539.68
691. 2(1,3,7,11,12) 4(3,5) 539.68
692. 2(3,7,9,10,12) 4(3,5) 539.68
693. 2(1,7,10,11,12) 4(3,5) 539.68
694. 2(9,11,12) 4(2,3,4,5) 539.33
695. 2(2,4,7,9) 4(3,4,5) 539.28
696. 2(2,7,9,11) 4(3,4,5) 539.28
697. 2(6,7,9) 4(3,4,5,6) 538.9
698. 2(4,8,11) 4(3,4,5,6) 538.9
699. 2(4,5,6,7,9) 4(4,5) 538.83
700. 2(1,5,6,7,12) 4(4,5) 538.83
701. 2(2,5,6,7,11) 4(4,5) 538.83
702. 2(3,5,6,7,10) 4(4,5) 538.83
703. 2(1,2,3,5,7,11) 4(5) 538.75
704. 2(1,2,5,7,10,11) 4(5) 538.75
705. 2(1,2,7,8,11,12) 4(5) 538.75
706. 2(1,5,7,9,11,12) 4(5) 538.75
707. 2(2,3,5,7,11,12) 4(5) 538.75
708. 2(2,3,7,8,10,11) 4(5) 538.75
709. 2(3,5,7,9,10,11) 4(5) 538.75
710. 2(2,5,7,10,11,12) 4(5) 538.75
711. 2(1,4,7,9) 4(4,5,6) 538.49
712. 2(3,4,6,9) 4(4,5,6) 538.49
713. 2(3,5,7,9) 4(4,5,6) 538.49
714. 2(1,2,7,11) 4(4,5,6) 538.49
715. 2(1,5,7,11) 4(4,5,6) 538.49
716. 2(2,3,7,10) 4(4,5,6) 538.49
717. 2(4,5,7,10) 4(4,5,6) 538.49
718. 2(4,6,8,10) 4(4,5,6) 538.49
719. 2(1,4,5,6,12) 4(4,5) 538.44
720. 2(1,4,5,7,10) 4(4,5) 538.44
721. 2(1,4,6,8,10) 4(4,5) 538.44
722. 2(3,4,5,6,10) 4(4,5) 538.44
723. 2(1,5,6,11,12) 4(4,5) 538.44
724. 2(1,5,7,10,11) 4(4,5) 538.44
725. 2(1,6,8,10,11) 4(4,5) 538.44
726. 2(3,5,6,10,11) 4(4,5) 538.44
727. 2(1,2,3,7,10,11) 4(5) 538.26
728. 2(1,3,5,7,10,11) 4(5) 538.26
729. 2(1,3,5,7,11,12) 4(5) 538.26
730. 2(1,2,7,10,11,12) 4(5) 538.26
731. 2(5,6,7,8,9,11) 4(5) 538.26
732. 2(5,7,8) 4(3,4,5,6) 538.0
733. 2(6,7,8) 4(3,4,5,6) 538.0
734. 2(1,2,4,7,9) 4(4,5) 537.96
735. 2(2,3,4,6,9) 4(4,5) 537.96
736. 2(1,2,3,6,12) 4(4,5) 537.96
737. 2(2,3,4,5,11) 4(4,5) 537.96
738. 2(2,6,9,11,12) 4(4,5) 537.96
739. 2(2,7,9,10,11) 4(4,5) 537.96
740. 2(3,6,9,10,12) 4(4,5) 537.96
741. 2(4,5,9,11,12) 4(4,5) 537.96
742. 2(1,2,3,6) 4(3,4,5) 537.61
743. 2(3,6,7) 4(3,4,5,6) 537.61
744. 2(3,4,11) 4(3,4,5,6) 537.61
745. 2(6,7,10) 4(3,4,5,6) 537.61
746. 2(4,10,11) 4(3,4,5,6) 537.61
747. 2(6,9,10,12) 4(3,4,5) 537.61
748. 2(7,11) 4(2,3,4,5,6) 537.57
749. 2(7,12) 4(2,3,4,5,6) 537.57
750. 2(3,5,7,9) 4(3,4,5) 537.56
751. 2(2,5,7,12) 4(3,4,5) 537.56
752. 2(3,5,7,11) 4(3,4,5) 537.56
753. 2(4,5,7,12) 4(3,4,5) 537.56
754. 2(1,2,6,7,11) 4(3,5) 537.51
755. 2(2,3,6,7,11) 4(3,5) 537.51
756. 2(2,6,7,10,11) 4(3,5) 537.51
757. 2(2,6,7,11,12) 4(3,5) 537.51
758. 2(1,2,3,7,8,9) 4(5) 537.49
759. 2(2,7,8,9,10,12) 4(5) 537.49
760. 2(1,3,4,9,11) 4(4,5) 537.47
761. 2(2,4,10,11,12) 4(4,5) 537.47
762. 2(1,4,6,9,10) 4(4,5) 537.16
763. 2(1,2,6,10,11) 4(4,5) 537.16
764. 2(1,3,4,11) 4(3,4,5) 537.12
765. 2(4,10,11,12) 4(3,4,5) 537.12
766. 2(9,11) 4(2,3,4,5,6) 537.08
767. 2(2,3,5,7,8,9) 4(5) 537.07
768. 2(2,5,7,8,9,12) 4(5) 537.07
769. 2(1,2,6,7,9,11) 4(5) 536.95
770. 2(1,6,7,8,9,11) 4(5) 536.95
771. 2(2,3,6,7,9,11) 4(5) 536.95
772. 2(3,5,6,7,9,11) 4(5) 536.95
773. 2(2,3,4,9,11) 4(4,5) 536.57
774. 2(2,4,9,11,12) 4(4,5) 536.57
775. 2(4,7,9) 4(3,4,5,6) 536.27
776. 2(2,7,11) 4(3,4,5,6) 536.27
777. 2(5,7,11) 4(3,4,5,6) 536.27
778. 2(6,8,11) 4(3,4,5,6) 536.27
779. 2(1,5,6,7,8,11) 4(5) 536.05
780. 2(3,5,6,7,8,11) 4(5) 536.05
781. 2(1,5,6,10) 4(4,5,6) 535.52
782. 2(4,7,11) 4(2,3,4,5) 535.4
783. 2(2,6,7,8) 4(3,4,5) 535.34
784. 2(6,7,8,9) 4(3,4,5) 535.34
785. 2(5,6,7,9,11) 4(3,5) 535.3
786. 2(6,7,8,9,11) 4(3,5) 535.3
787. 2(1,5,6,7,10) 4(4,5) 534.94
788. 2(1,2,4,11,12) 4(4,5) 534.85
789. 2(1,4,9,11,12) 4(4,5) 534.85
790. 2(2,3,4,10,11) 4(4,5) 534.85
791. 2(3,4,9,10,11) 4(4,5) 534.85
792. 2(3,4,6,7,8,9,11)  534.64
793. 2(2,6,7,8,9,11,12)  534.64
794. 2(4,6,7,8,9,10,11)  534.64
795. 2(1,6,7,8,10,11,12)  534.64
796. 2(1,2,3,7) 4(4,5,6) 534.6
797. 2(1,2,4,7) 4(4,5,6) 534.6
798. 2(2,3,4,6) 4(4,5,6) 534.6
799. 2(4,5,6,10) 4(4,5,6) 534.6
800. 2(1,2,3,5,6) 4(4,5) 534.56
801. 2(5,6,9,10,12) 4(4,5) 534.56
802. 2(1,3,6,7,9) 4(4,5) 534.43
803. 2(2,3,6,7,9) 4(4,5) 534.43
804. 2(2,6,7,9,12) 4(4,5) 534.43
805. 2(3,4,5,6,12) 4(4,5) 534.43
806. 2(2,6,7,10,12) 4(4,5) 534.43
807. 2(3,5,6,11,12) 4(4,5) 534.43
808. 2(1,3,7,8,9,12) 4(5) 534.38
809. 2(2,3,7,8,10,12) 4(5) 534.38
810. 2(1,2,6,7,8,11) 4(5) 534.32
811. 2(2,3,5,6,7,11) 4(5) 534.32
812. 2(2,5,6,7,11,12) 4(5) 534.32
813. 2(2,6,7,8,10,11) 4(5) 534.32
814. 2(6,7,8,9,10) 4(4,5) 534.02
815. 2(2,3,5,6,7) 4(4,5) 534.02
816. 2(5,6,7,9,12) 4(4,5) 534.02
817. 2(5,6,8,11,12) 4(4,5) 534.02
818. 2(1,3,4,12) 4(3,4,5) 534.01
819. 2(3,10,12) 4(3,4,5,6) 534.01
820. 2(3,10,11,12) 4(3,4,5) 534.01
821. 2(3,7,8,10,12) 4(3,5) 533.97
822. 2(1,6,7,11) 4(3,4,5) 533.67
823. 2(4,6,7,10) 4(3,4,5) 533.67
824. 2(2,4,6,7,9) 4(4,5) 533.53
825. 2(2,6,7,9,11) 4(4,5) 533.53
826. 2(1,3,6,7) 4(3,4,5) 533.19
827. 2(6,7,10,12) 4(3,4,5) 533.19
828. 2(1,2,4,7,10) 4(4,5) 533.15
829. 2(1,3,4,5,11) 4(4,5) 533.15
830. 2(1,7,9,10,11) 4(4,5) 533.15
831. 2(4,5,10,11,12) 4(4,5) 533.15
832. 2(1,2,4,6) 4(3,4,5) 532.39
833. 2(4,6,7) 4(3,4,5,6) 532.39
834. 2(1,4,6,11) 4(3,4,5) 532.39
835. 2(4,6,11) 4(3,4,5,6) 532.39
836. 2(4,6,10,11) 4(3,4,5) 532.39
837. 2(6,9,10,11) 4(3,4,5) 532.39
838. 2(1,2,6,7,12) 4(4,5) 531.81
839. 2(1,6,7,9,12) 4(4,5) 531.81
840. 2(2,3,6,7,10) 4(4,5) 531.81
841. 2(2,4,5,7,12) 4(4,5) 531.81
842. 2(2,4,6,8,12) 4(4,5) 531.81
843. 2(3,5,7,9,11) 4(4,5) 531.81
844. 2(3,6,7,9,10) 4(4,5) 531.81
845. 2(3,6,8,9,11) 4(4,5) 531.81
846. 2(2,3,6,7,8) 4(3,5) 531.8
847. 2(1,5,6,7,11) 4(3,5) 531.8
848. 2(3,6,7,8,11) 4(3,5) 531.8
849. 2(6,7,8,9,12) 4(3,5) 531.8
850. 2(5,6,7,11,12) 4(3,5) 531.8
851. 2(6,7,8,10,11) 4(3,5) 531.8
852. 2(6,7,11) 4(2,3,4,5) 531.46
853. 2(1,3,7,11) 4(3,4,5) 530.98
854. 2(3,4,6,12) 4(3,4,5) 530.98
855. 2(7,8,10) 4(3,4,5,6) 530.98
856. 2(3,6,11,12) 4(3,4,5) 530.98
857. 2(4,7,10,12) 4(3,4,5) 530.98
858. 2(2,3,5,8,9,12) 4(5) 530.98
859. 2(1,9,10,11,12) 4(4,5) 530.96
860. 2(2,9,10,11,12) 4(4,5) 530.96
861. 2(1,3,6,7,11) 4(3,5) 530.93
862. 2(6,7,9,10,12) 4(3,5) 530.93
863. 2(2,4,5,7,11) 4(4,5) 530.91
864. 2(2,4,6,8,11) 4(4,5) 530.91
865. 2(4,5,7,9,11) 4(4,5) 530.91
866. 2(4,6,8,9,11) 4(4,5) 530.91
867. 2(1,3,4,6,9) 4(4,5) 530.52
868. 2(1,2,3,6,11) 4(4,5) 530.52
869. 2(4,6,9,10,12) 4(4,5) 530.52
870. 2(2,6,10,11,12) 4(4,5) 530.52
871. 2(1,2,4,6,12) 4(4,5) 530.52
872. 2(2,3,4,6,10) 4(4,5) 530.52
873. 2(1,6,9,11,12) 4(4,5) 530.52
874. 2(3,6,9,10,11) 4(4,5) 530.52
875. 2(2,3,7,8,9,11) 4(5) 530.44
876. 2(5,7,8,9,10,11) 4(5) 530.44
877. 2(5,10,11) 4(3,4,5,6) 530.18
878. 2(2,3,7) 4(3,4,5,6) 530.18
879. 2(2,3,4,11) 4(3,4,5) 530.08
880. 2(4,9,11,12) 4(3,4,5) 530.08
881. 2(3,6,7,8,12) 4(3,5) 530.03
882. 2(1,4,6,7,8,10,11)  529.83
883. 2(3,4,12) 4(3,4,5,6) 529.69
884. 2(6,10,12) 4(3,4,5,6) 529.69
885. 2(11,12) 4(2,3,4,5,6) 529.65
886. 2(2,4,6,7) 4(3,4,5) 529.25
887. 2(6,7,9,11) 4(3,4,5) 529.25
888. 2(2,3,5,7,11) 4(4,5) 529.19
889. 2(2,3,6,8,11) 4(4,5) 529.19
890. 2(4,5,7,9,12) 4(4,5) 529.19
891. 2(4,6,8,9,12) 4(4,5) 529.19
892. 2(1,5,7,11,12) 4(4,5) 529.19
893. 2(1,6,8,11,12) 4(4,5) 529.19
894. 2(2,5,7,11,12) 4(4,5) 529.19
895. 2(2,6,8,11,12) 4(4,5) 529.19
896. 2(1,2,3,5,7,8) 4(5) 529.15
897. 2(2,3,5,7,8,12) 4(5) 529.15
898. 2(3,5,7,8,9,12) 4(5) 529.15
899. 2(5,7,8,9,10,12) 4(5) 529.15
900. 2(5,6,7,8,9,11,12)  528.93
901. 2(4,5,6,7,8) 4(4,5) 528.7
902. 2(5,6,7,8,11) 4(4,5) 528.7
903. 2(1,4,7,12) 4(3,4,5) 528.35
904. 2(3,4,7,10) 4(3,4,5) 528.35
905. 2(5,7,12) 4(3,4,5,6) 528.35
906. 2(6,8,12) 4(3,4,5,6) 528.35
907. 2(1,7,11,12) 4(3,4,5) 528.35
908. 2(3,7,10,11) 4(3,4,5) 528.35
909. 2(1,3,5,6,7) 4(4,5) 528.31
910. 2(2,4,5,6,7) 4(4,5) 528.31
911. 2(5,6,7,9,11) 4(4,5) 528.31
912. 2(1,6,7,11,12) 4(3,5) 528.31
913. 2(2,3,7,11,12) 4(3,5) 528.31
914. 2(3,6,7,10,11) 4(3,5) 528.31
915. 2(5,6,7,10,12) 4(4,5) 528.31
916. 2(5,7,10,11,12) 4(3,5) 528.31
917. 2(1,2,3,7,8,11) 4(5) 528.23
918. 2(1,5,7,9,10,11) 4(5) 528.23
919. 2(3,5,7,9,11,12) 4(5) 528.23
920. 2(2,7,8,10,11,12) 4(5) 528.23
921. 2(1,7,8,9,11,12) 4(5) 528.23
922. 2(3,7,8,9,10,11) 4(5) 528.23
923. 2(1,4,7,8) 4(4,5,6) 527.97
924. 2(2,3,6,7) 4(4,5,6) 527.97
925. 2(2,3,7,9) 4(4,5,6) 527.97
926. 2(1,4,7,10) 4(4,5,6) 527.97
927. 2(7,11,12) 4(2,3,4,5) 527.96
928. 2(2,3,4,5,6) 4(4,5) 527.92
929. 2(5,6,9,11,12) 4(4,5) 527.92
930. 2(3,4,9,12) 4(3,4,5) 527.87
931. 2(2,3,11,12) 4(3,4,5) 527.87
932. 2(1,3,7,9,11,12) 4(5) 527.74
933. 2(1,6,7,9,10,12) 4(5) 527.74
934. 2(3,6,7,9,10,12) 4(5) 527.74
935. 2(1,7,8,10,11,12) 4(5) 527.74
936. 2(1,4,6,7,8,11,12)  527.2
937. 2(3,4,6,7,8,10,11)  527.2
938. 2(3,5,7,8) 4(4,5,6) 527.07
939. 2(4,5,6,7) 4(4,5,6) 527.07
940. 2(5,7,8,9) 4(4,5,6) 527.07
941. 2(5,6,7,10) 4(4,5,6) 527.07
942. 2(1,4,7,8) 4(3,4,5) 527.04
943. 2(2,3,6,7) 4(3,4,5) 527.04
944. 2(6,7,9,12) 4(3,4,5) 527.04
945. 2(7,8,10,11) 4(3,4,5) 527.04
946. 2(3,7,8,9,11) 4(3,5) 527.0
947. 2(1,3,6,7,8,12) 4(5) 526.84
948. 2(3,6,7,8,10,12) 4(5) 526.84
949. 2(1,2,4,6,10) 4(4,5) 526.64
950. 2(1,6,9,10,11) 4(4,5) 526.64
951. 2(3,7,10,11,12) 4(3,5) 526.54
952. 2(1,3,7,9,11) 4(4,5) 526.51
953. 2(2,4,7,10,12) 4(4,5) 526.51
954. 2(3,4,5,11,12) 4(4,5) 526.51
955. 2(1,3,6,7,10,12) 4(5) 526.36
956. 2(2,4,7,11) 4(3,4,5) 526.14
957. 2(4,7,9,11) 4(3,4,5) 526.14
958. 2(1,2,4,7) 4(3,4,5) 525.75
959. 2(2,3,4,6) 4(3,4,5) 525.75
960. 2(2,7,8) 4(3,4,5,6) 525.75
961. 2(4,7,8) 4(3,4,5,6) 525.75
962. 2(1,4,7,11) 4(3,4,5) 525.75
963. 2(3,4,6,11) 4(3,4,5) 525.75
964. 2(4,6,11,12) 4(3,4,5) 525.75
965. 2(4,7,10,11) 4(3,4,5) 525.75
966. 2(6,9,11,12) 4(3,4,5) 525.75
967. 2(7,9,10,11) 4(3,4,5) 525.75
968. 2(3,4,5,7) 4(4,5,6) 525.34
969. 2(3,4,6,8) 4(4,5,6) 525.34
970. 2(3,4,6,10) 4(4,5,6) 525.34
971. 2(5,7,9,10) 4(4,5,6) 525.34
972. 2(1,2,4,5,7) 4(4,5) 525.3
973. 2(1,2,4,6,8) 4(4,5) 525.3
974. 2(5,7,9,10,11) 4(4,5) 525.3
975. 2(6,8,9,10,11) 4(4,5) 525.3
976. 2(1,2,3,7,11,12) 4(5) 525.12
977. 2(1,5,7,10,11,12) 4(5) 525.12
978. 2(2,3,7,10,11,12) 4(5) 525.12
979. 2(3,5,7,10,11,12) 4(5) 525.12
980. 2(1,3,6,10,11) 4(4,5) 524.81
981. 2(1,4,6,10,12) 4(4,5) 524.81
982. 2(1,4,6,9,11) 4(4,5) 524.81
983. 2(2,4,6,10,11) 4(4,5) 524.81
984. 2(2,4,7,9,11) 4(4,5) 524.71
985. 2(1,3,4,6) 4(3,4,5) 524.47
986. 2(6,10,11,12) 4(3,4,5) 524.47
987. 2(2,3,5,7) 4(3,4,5) 524.41
988. 2(3,4,5,7) 4(3,4,5) 524.41
989. 2(5,7,9,12) 4(3,4,5) 524.41
990. 2(5,7,11,12) 4(3,4,5) 524.41
991. 2(2,7,8,11,12) 4(3,5) 524.37
992. 2(5,7,9,11,12) 4(3,5) 524.37
993. 2(1,3,4,10,11) 4(4,5) 524.33
994. 2(1,4,10,11,12) 4(4,5) 524.33
995. 2(1,3,6,7,9,11) 4(5) 524.22
996. 2(3,5,7,12) 4(3,4,5) 523.93
997. 2(1,7,8,12) 4(3,4,5) 523.93
998. 2(3,4,6,9,12) 4(4,5) 523.89
999. 2(2,3,6,11,12) 4(4,5) 523.89
1000. 2(1,5,6,7,9,11) 4(5) 523.8
1001. 2(3,6,7,8,9,11) 4(5) 523.8
1002. 2(2,6,7,9,10,11) 4(5) 523.8
1003. 2(2,6,7,9,11,12) 4(5) 523.8
1004. 2(5,11,12) 4(3,4,5,6) 523.54
1005. 2(3,7,9) 4(3,4,5,6) 523.54
1006. 2(2,7,12) 4(3,4,5,6) 523.54
1007. 2(3,8,11) 4(3,4,5,6) 523.54
1008. 2(5,6,7,8,10,11) 4(5) 522.9
1009. 2(5,6,7,8,11,12) 4(5) 522.9
1010. 2(2,3,7,9,11,12) 4(5) 522.52
1011. 2(2,7,9,10,11,12) 4(5) 522.52
1012. 2(1,2,3,6,7,8) 4(5) 522.52
1013. 2(2,3,6,7,8,12) 4(5) 522.52
1014. 2(3,6,7,8,9,12) 4(5) 522.52
1015. 2(3,5,7,8,11,12) 4(5) 522.52
1016. 2(6,7,8,9,10,12) 4(5) 522.52
1017. 2(5,7,8,10,11,12) 4(5) 522.52
1018. 2(1,3,6,7) 4(4,5,6) 522.26
1019. 2(1,3,7,8) 4(4,5,6) 522.26
1020. 2(2,4,6,7) 4(4,5,6) 522.26
1021. 2(2,4,7,8) 4(4,5,6) 522.26
1022. 2(2,7,8,9) 4(4,5,6) 522.26
1023. 2(1,6,7,10) 4(4,5,6) 522.26
1024. 2(4,6,7,8) 4(3,4,5) 522.2
1025. 2(6,7,8,11) 4(3,4,5) 522.2
1026. 2(1,3,7,12) 4(3,4,5) 522.16
1027. 2(4,6,7,8,11) 4(3,5) 522.16
1028. 2(3,7,10,12) 4(3,4,5) 522.16
1029. 2(3,5,6,7,12) 4(4,5) 521.68
1030. 2(4,6,7,8,9,11,12)  521.5
1031. 2(1,3,4,6) 4(4,5,6) 521.46
1032. 2(1,4,6,10) 4(4,5,6) 521.46
1033. 2(1,4,5,6,10) 4(4,5) 521.41
1034. 2(1,5,6,10,11) 4(4,5) 521.41
1035. 2(1,2,4,5,6) 4(4,5) 521.41
1036. 2(5,6,9,10,11) 4(4,5) 521.41
1037. 2(3,6,7,9) 4(4,5,6) 521.33
1038. 2(1,7,8,11) 4(4,5,6) 521.33
1039. 2(2,6,7,12) 4(4,5,6) 521.33
1040. 2(4,7,8,10) 4(4,5,6) 521.33
1041. 2(3,4,5,6,11) 4(4,5) 521.29
1042. 2(4,5,6,11,12) 4(4,5) 521.29
1043. 2(1,6,7,9,11) 4(4,5) 521.29
1044. 2(2,4,6,7,10) 4(4,5) 521.29
1045. 2(1,4,7,9,12) 4(4,5) 521.27
1046. 2(1,2,7,11,12) 4(4,5) 521.27
1047. 2(2,3,7,10,11) 4(4,5) 521.27
1048. 2(1,2,3,7,8,12) 4(5) 521.23
1049. 2(3,7,8,9,10,12) 4(5) 521.23
1050. 2(1,2,5,6,7,11) 4(5) 521.18
1051. 2(2,3,6,7,8,11) 4(5) 521.18
1052. 2(2,5,6,7,10,11) 4(5) 521.18
1053. 2(2,6,7,8,11,12) 4(5) 521.18
1054. 2(1,5,6,7,11) 4(4,5) 520.88
1055. 2(4,5,6,7,10) 4(4,5) 520.88
1056. 2(1,4,6,7) 4(3,4,5) 520.53
1057. 2(6,7,10,11) 4(3,4,5) 520.53
1058. 2(6,7,8,9) 4(4,5,6) 520.43
1059. 2(5,6,7,12) 4(4,5,6) 520.43
1060. 2(5,7,8,11) 4(4,5,6) 520.43
1061. 2(6,7,8,10) 4(4,5,6) 520.43
1062. 2(1,3,6,7,10) 4(4,5) 520.39
1063. 2(1,6,7,10,12) 4(4,5) 520.39
1064. 2(4,7,8,9) 4(3,4,5) 519.99
1065. 2(2,7,8,11) 4(3,4,5) 519.99
1066. 2(2,3,7,9) 4(3,4,5) 519.12
1067. 2(2,4,7,12) 4(3,4,5) 519.12
1068. 2(2,7,9,12) 4(3,4,5) 519.12
1069. 2(3,7,9,11) 4(3,4,5) 519.12
1070. 2(4,6,7,8,9) 4(4,5) 519.05
1071. 2(2,6,7,8,11) 4(4,5) 519.05
1072. 2(1,2,6,7,11,12) 4(5) 518.97
1073. 2(2,3,6,7,10,11) 4(5) 518.97
1074. 2(1,3,7,10,11,12) 4(5) 518.92
1075. 2(3,5,7,11) 4(4,5,6) 518.71
1076. 2(3,7,9,10) 4(4,5,6) 518.71
1077. 2(4,7,9,10) 4(4,5,6) 518.71
1078. 2(2,7,10,11) 4(4,5,6) 518.71
1079. 2(1,4,6,7,9) 4(4,5) 518.67
1080. 2(1,2,6,7,11) 4(4,5) 518.67
1081. 2(1,4,5,7,11) 4(4,5) 518.67
1082. 2(1,4,6,8,11) 4(4,5) 518.67
1083. 2(4,6,7,9,10) 4(4,5) 518.67
1084. 2(2,6,7,10,11) 4(4,5) 518.67
1085. 2(4,5,7,10,11) 4(4,5) 518.67
1086. 2(4,6,8,10,11) 4(4,5) 518.67
1087. 2(5,6,7,10,11) 4(3,5) 518.66
1088. 2(6,7,8,11,12) 4(3,5) 518.66
1089. 2(4,5,6,7,8,11) 4(5) 518.48
1090. 2(1,4,7,9,11) 4(4,5) 518.18
1091. 2(2,3,7,9,11) 4(4,5) 518.18
1092. 2(2,4,7,9,12) 4(4,5) 518.18
1093. 2(3,4,6,9,11) 4(4,5) 518.18
1094. 2(1,3,6,11,12) 4(4,5) 518.18
1095. 2(2,4,6,11,12) 4(4,5) 518.18
1096. 2(2,4,7,10,11) 4(4,5) 518.18
1097. 2(3,4,6,10,12) 4(4,5) 518.18
1098. 2(1,2,3,7) 4(3,4,5) 517.83
1099. 2(6,7,12) 4(3,4,5,6) 517.83
1100. 2(4,11,12) 4(3,4,5,6) 517.83
1101. 2(7,9,10,12) 4(3,4,5) 517.83
1102. 2(1,6,7,10,11) 4(3,5) 517.79
1103. 2(3,6,7,11,12) 4(3,5) 517.79
1104. 2(3,7,9,11,12) 4(3,5) 517.79
1105. 2(7,8,10,11,12) 4(3,5) 517.79
1106. 2(3,4,11,12) 4(3,4,5) 517.35
1107. 2(3,9,11,12) 4(3,4,5) 517.35
1108. 2(2,7,8,9,11,12) 4(5) 517.3
1109. 2(5,7,8,9,11,12) 4(5) 517.3
1110. 2(6,10,11) 4(3,4,5,6) 517.03
1111. 2(3,4,7) 4(3,4,5,6) 517.03
1112. 2(1,3,4,6,7,8,11)  516.69
1113. 2(4,6,7,8,10,11,12)  516.69
1114. 2(3,4,7,9) 4(3,4,5) 516.5
1115. 2(2,3,7,11) 4(3,4,5) 516.5
1116. 2(4,7,9,12) 4(3,4,5) 516.5
1117. 2(2,7,11,12) 4(3,4,5) 516.5
1118. 2(1,3,5,6,7,11) 4(5) 515.89
1119. 2(1,3,6,7,8,11) 4(5) 515.89
1120. 2(1,6,7,8,10,11) 4(5) 515.89
1121. 2(3,5,6,7,11,12) 4(5) 515.89
1122. 2(1,3,4,5,6) 4(4,5) 514.78
1123. 2(1,4,5,6,11) 4(4,5) 514.78
1124. 2(4,5,6,10,11) 4(4,5) 514.78
1125. 2(5,6,10,11,12) 4(4,5) 514.78
1126. 2(1,7,9,10,11,12) 4(5) 514.6
1127. 2(1,3,7,8,11,12) 4(5) 514.6
1128. 2(3,6,7,8) 4(3,4,5) 514.28
1129. 2(6,7,8,12) 4(3,4,5) 514.28
1130. 2(1,6,7,8,11) 4(4,5) 514.24
1131. 2(3,5,6,7,11) 4(4,5) 514.24
1132. 2(4,5,6,7,12) 4(4,5) 514.24
1133. 2(4,6,7,8,10) 4(4,5) 514.24
1134. 2(3,6,7,11) 4(3,4,5) 513.9
1135. 2(4,6,7,12) 4(3,4,5) 513.9
1136. 2(6,7,9,10,11) 4(3,5) 513.85
1137. 2(6,7,9,11,12) 4(3,5) 513.85
1138. 2(5,9,10,11,12) 4(4,5) 513.5
1139. 2(3,6,7,12) 4(3,4,5) 513.41
1140. 2(7,8,10,12) 4(3,4,5) 513.41
1141. 2(2,3,4,6,12) 4(4,5) 513.37
1142. 2(3,6,9,11,12) 4(4,5) 513.37
1143. 2(1,5,6,7,11,12) 4(5) 513.26
1144. 2(1,6,7,8,11,12) 4(5) 513.26
1145. 2(3,5,6,7,10,11) 4(5) 513.26
1146. 2(3,6,7,8,10,11) 4(5) 513.26
1147. 2(4,5,7,11) 4(4,5,6) 513.0
1148. 2(4,6,7,9) 4(4,5,6) 513.0
1149. 2(4,7,8,9) 4(4,5,6) 513.0
1150. 2(1,6,7,12) 4(4,5,6) 513.0
1151. 2(2,6,7,11) 4(4,5,6) 513.0
1152. 2(2,7,8,11) 4(4,5,6) 513.0
1153. 2(3,6,7,10) 4(4,5,6) 513.0
1154. 2(3,7,8,10) 4(4,5,6) 513.0
1155. 2(4,7,11) 4(3,4,5,6) 512.61
1156. 2(6,7,11) 4(3,4,5,6) 512.61
1157. 2(1,3,4,6,10) 4(4,5) 511.67
1158. 2(1,6,10,11,12) 4(4,5) 511.67
1159. 2(1,2,4,6,11) 4(4,5) 511.67
1160. 2(4,6,9,10,11) 4(4,5) 511.67
1161. 2(2,3,7,8,9,12) 4(5) 511.2
1162. 2(1,2,3,4,11) 4(4,5) 511.19
1163. 2(4,9,10,11,12) 4(4,5) 511.19
1164. 2(4,6,7,8,9,11) 4(5) 511.05
1165. 2(9,10,11,12) 4(3,4,5) 510.84
1166. 2(1,7,9,11,12) 4(4,5) 510.75
1167. 2(3,7,9,10,11) 4(4,5) 510.75
1168. 2(4,7,9,10,12) 4(4,5) 510.75
1169. 2(2,7,10,11,12) 4(4,5) 510.75
1170. 2(5,6,7,9,11,12) 4(5) 510.66
1171. 2(6,7,8,9,10,11) 4(5) 510.66
1172. 2(6,11,12) 4(3,4,5,6) 510.4
1173. 2(7,10,11) 4(3,4,5,6) 510.4
1174. 2(3,7,11) 4(3,4,5,6) 510.4
1175. 2(4,7,12) 4(3,4,5,6) 510.4
1176. 2(7,10,12) 4(3,4,5,6) 509.91
1177. 2(3,11,12) 4(3,4,5,6) 509.91
1178. 2(4,7,8,11) 4(3,4,5) 509.47
1179. 2(7,8,9,11) 4(3,4,5) 509.47
1180. 2(2,4,6,7,8) 4(4,5) 508.53
1181. 2(6,7,8,9,11) 4(4,5) 508.53
1182. 2(1,2,3,6,7,11) 4(5) 508.45
1183. 2(1,2,6,7,10,11) 4(5) 508.45
1184. 2(1,6,7,9,11,12) 4(5) 508.45
1185. 2(2,3,6,7,11,12) 4(5) 508.45
1186. 2(3,6,7,9,10,11) 4(5) 508.45
1187. 2(2,6,7,10,11,12) 4(5) 508.45
1188. 2(1,3,7,11) 4(4,5,6) 508.19
1189. 2(1,7,10,11) 4(4,5,6) 508.19
1190. 2(6,7,9,10) 4(4,5,6) 508.19
1191. 2(7,8,9,10) 4(4,5,6) 508.19
1192. 2(1,2,3,6,7) 4(4,5) 508.15
1193. 2(6,7,9,10,12) 4(4,5) 508.15
1194. 2(1,4,5,6,7) 4(4,5) 507.73
1195. 2(5,6,7,10,11) 4(4,5) 507.73
1196. 2(2,4,7,11) 4(4,5,6) 507.29
1197. 2(3,6,7,8) 4(4,5,6) 507.29
1198. 2(4,6,7,8) 4(4,5,6) 507.29
1199. 2(5,6,7,11) 4(4,5,6) 507.29
1200. 2(7,8,11) 4(3,4,5,6) 505.98
1201. 2(7,9,11) 4(3,4,5,6) 505.98
1202. 2(3,4,7,9) 4(4,5,6) 505.57
1203. 2(2,3,7,11) 4(4,5,6) 505.57
1204. 2(3,4,7,10) 4(4,5,6) 505.57
1205. 2(5,7,10,11) 4(4,5,6) 505.57
1206. 2(5,7,10,11,12) 4(4,5) 505.52
1207. 2(6,8,10,11,12) 4(4,5) 505.52
1208. 2(5,7,9,11,12) 4(4,5) 505.52
1209. 2(6,8,9,11,12) 4(4,5) 505.52
1210. 2(1,2,4,7,11) 4(4,5) 505.04
1211. 2(1,3,4,6,12) 4(4,5) 505.04
1212. 2(2,3,4,6,11) 4(4,5) 505.04
1213. 2(2,7,9,11,12) 4(4,5) 505.04
1214. 2(4,6,9,11,12) 4(4,5) 505.04
1215. 2(4,7,9,10,11) 4(4,5) 505.04
1216. 2(1,7,10,11,12) 4(4,5) 505.04
1217. 2(3,6,10,11,12) 4(4,5) 505.04
1218. 2(1,3,4,7) 4(3,4,5) 504.69
1219. 2(7,10,11,12) 4(3,4,5) 504.69
1220. 2(3,7,8) 4(3,4,5,6) 504.69
1221. 2(3,7,8,11,12) 4(3,5) 504.65
1222. 2(6,7,10,11,12) 4(3,5) 504.65
1223. 2(7,9,10,11,12) 4(3,5) 504.65
1224. 2(2,3,4,11,12) 4(4,5) 504.55
1225. 2(3,4,9,11,12) 4(4,5) 504.55
1226. 2(3,4,6,7,10,11,12)  503.54
1227. 2(3,4,6,7,8,11,12)  503.54
1228. 2(4,6,7,11) 4(3,4,5) 502.96
1229. 2(2,3,7,8,11,12) 4(5) 501.94
1230. 2(5,7,9,10,11,12) 4(5) 501.94
1231. 2(1,3,4,7) 4(4,5,6) 501.68
1232. 2(1,4,6,7) 4(4,5,6) 501.68
1233. 2(2,3,4,7) 4(4,5,6) 501.68
1234. 2(2,3,7,8) 4(4,5,6) 501.68
1235. 2(2,3,6,7,12) 4(4,5) 501.51
1236. 2(2,4,6,7,12) 4(4,5) 501.51
1237. 2(3,6,7,9,11) 4(4,5) 501.51
1238. 2(3,6,7,9,12) 4(4,5) 501.51
1239. 2(3,7,9,10,11,12) 4(5) 501.46
1240. 2(3,7,8,10,11,12) 4(5) 501.46
1241. 2(1,4,6,7,8) 4(4,5) 501.1
1242. 2(3,4,5,6,7) 4(4,5) 501.1
1243. 2(5,6,7,11,12) 4(4,5) 501.1
1244. 2(6,7,8,10,11) 4(4,5) 501.1
1245. 2(3,4,6,7) 4(3,4,5) 500.75
1246. 2(6,7,11,12) 4(3,4,5) 500.75
1247. 2(4,6,7,11,12) 4(3,5) 500.71
1248. 2(7,8,9,11,12) 4(3,5) 500.71
1249. 2(1,3,6,7,12) 4(4,5) 500.61
1250. 2(3,6,7,10,12) 4(4,5) 500.61
1251. 2(1,4,7,10,11) 4(4,5) 500.23
1252. 2(3,4,6,7,9) 4(4,5) 498.89
1253. 2(2,3,6,7,11) 4(4,5) 498.89
1254. 2(3,4,5,7,11) 4(4,5) 498.89
1255. 2(3,4,6,8,11) 4(4,5) 498.89
1256. 2(4,6,7,9,12) 4(4,5) 498.89
1257. 2(2,6,7,11,12) 4(4,5) 498.89
1258. 2(4,5,7,11,12) 4(4,5) 498.89
1259. 2(4,6,8,11,12) 4(4,5) 498.89
1260. 2(2,3,7,12) 4(3,4,5) 498.06
1261. 2(3,7,9,12) 4(3,4,5) 498.06
1262. 2(1,6,7,9,10,11) 4(5) 497.93
1263. 2(3,6,7,9,11,12) 4(5) 497.93
1264. 2(1,4,6,11,12) 4(4,5) 497.6
1265. 2(3,4,6,10,11) 4(4,5) 497.6
1266. 2(5,6,7,9,10,11) 4(5) 497.52
1267. 2(6,7,8,9,11,12) 4(5) 497.52
1268. 2(10,11,12) 4(3,4,5,6) 496.77
1269. 2(3,7,12) 4(3,4,5,6) 496.77
1270. 2(4,5,6,7,11) 4(4,5) 495.39
1271. 2(1,4,7,11) 4(4,5,6) 495.05
1272. 2(3,7,8,9) 4(4,5,6) 495.05
1273. 2(1,6,7,11) 4(4,5,6) 495.05
1274. 2(4,6,7,10) 4(4,5,6) 495.05
1275. 2(1,2,4,6,7) 4(4,5) 495.0
1276. 2(1,4,6,7,10) 4(4,5) 495.0
1277. 2(1,6,7,10,11) 4(4,5) 495.0
1278. 2(6,7,9,10,11) 4(4,5) 495.0
1279. 2(1,3,6,7,10,11) 4(5) 494.82
1280. 2(1,3,6,7,11,12) 4(5) 494.82
1281. 2(3,7,8,11) 4(3,4,5) 494.12
1282. 2(4,7,8,12) 4(3,4,5) 494.12
1283. 2(1,2,3,4,6) 4(4,5) 493.72
1284. 2(1,4,6,10,11) 4(4,5) 493.72
1285. 2(6,9,10,11,12) 4(4,5) 493.72
1286. 2(2,3,4,7) 4(3,4,5) 492.83
1287. 2(3,4,7,11) 4(3,4,5) 492.83
1288. 2(4,7,11,12) 4(3,4,5) 492.83
1289. 2(7,9,11,12) 4(3,4,5) 492.83
1290. 2(3,7,8,9,11,12) 4(5) 491.42
1291. 2(7,8,9,10,11,12) 4(5) 491.42
1292. 2(1,4,6,7,8,11) 4(5) 490.89
1293. 2(4,6,7,8,10,11) 4(5) 490.89
1294. 2(7,9,12) 4(3,4,5,6) 490.62
1295. 2(8,11,12) 4(3,4,5,6) 490.62
1296. 2(1,5,6,7,10,11) 4(5) 489.6
1297. 2(3,6,7,8,11,12) 4(5) 489.6
1298. 2(5,6,7,10,11,12) 4(5) 489.6
1299. 2(6,7,8,10,11,12) 4(5) 489.6
1300. 2(6,7,9,12) 4(4,5,6) 488.41
1301. 2(7,8,10,11) 4(4,5,6) 488.41
1302. 2(1,3,6,7,11) 4(4,5) 488.37
1303. 2(4,6,7,10,12) 4(4,5) 488.37
1304. 2(6,7,8,11) 4(4,5,6) 487.51
1305. 2(6,7,8,12) 4(4,5,6) 487.51
1306. 2(2,4,6,7,11) 4(4,5) 487.47
1307. 2(4,6,7,9,11) 4(4,5) 487.47
1308. 2(1,3,4,6,11) 4(4,5) 487.09
1309. 2(4,6,10,11,12) 4(4,5) 487.09
1310. 2(3,7,10,11) 4(4,5,6) 485.79
1311. 2(5,7,11,12) 4(4,5,6) 485.79
1312. 2(1,4,6,7,12) 4(4,5) 485.75
1313. 2(3,4,6,7,10) 4(4,5) 485.75
1314. 2(1,6,7,11,12) 4(4,5) 485.75
1315. 2(3,6,7,10,11) 4(4,5) 485.75
1316. 2(2,4,7,11,12) 4(4,5) 485.26
1317. 2(3,4,7,9,11) 4(4,5) 485.26
1318. 2(3,4,7,12) 4(3,4,5) 484.91
1319. 2(7,8,12) 4(3,4,5,6) 484.91
1320. 2(3,7,11,12) 4(3,4,5) 484.91
1321. 2(4,7,8,11) 4(4,5,6) 482.7
1322. 2(6,7,9,11) 4(4,5,6) 482.7
1323. 2(6,7,10,12) 4(4,5,6) 482.7
1324. 2(3,4,6,7) 4(4,5,6) 481.9
1325. 2(3,4,7,8) 4(4,5,6) 481.9
1326. 2(1,6,7,10,11,12) 4(5) 481.68
1327. 2(3,6,7,10,11,12) 4(5) 481.68
1328. 2(3,6,7,8,11) 4(4,5) 481.32
1329. 2(4,6,7,8,12) 4(4,5) 481.32
1330. 2(3,4,7,8) 4(3,4,5) 480.98
1331. 2(7,8,11,12) 4(3,4,5) 480.98
1332. 2(3,4,6,11,12) 4(4,5) 480.45
1333. 2(1,4,7,11,12) 4(4,5) 477.83
1334. 2(3,4,7,10,11) 4(4,5) 477.83
1335. 2(3,4,6,7,8,11) 4(5) 477.74
1336. 2(4,6,7,8,11,12) 4(5) 477.74
1337. 2(7,11,12) 4(3,4,5,6) 477.48
1338. 2(4,6,7,8,11) 4(4,5) 475.61
1339. 2(3,6,7,11) 4(4,5,6) 475.27
1340. 2(3,7,8,11) 4(4,5,6) 475.27
1341. 2(4,6,7,12) 4(4,5,6) 475.27
1342. 2(4,7,10,11) 4(4,5,6) 475.27
1343. 2(2,3,4,6,7) 4(4,5) 475.23
1344. 2(6,7,9,11,12) 4(4,5) 475.23
1345. 2(7,9,10,11,12) 4(4,5) 473.94
1346. 2(2,3,4,7,11) 4(4,5) 472.12
1347. 2(4,7,9,11,12) 4(4,5) 472.12
1348. 2(6,7,9,10,11,12) 4(5) 471.65
1349. 2(6,7,8,11,12) 4(4,5) 468.18
1350. 2(3,7,8,12) 4(3,4,5) 467.35
1351. 2(1,3,4,7,11) 4(4,5) 467.31
1352. 2(4,7,10,11,12) 4(4,5) 467.31
1353. 2(1,4,6,7,11,12) 4(5) 462.39
1354. 2(3,4,7,11) 4(4,5,6) 462.13
1355. 2(6,7,10,11) 4(4,5,6) 462.13
1356. 2(1,3,4,6,7) 4(4,5) 462.09
1357. 2(1,4,6,7,11) 4(4,5) 462.09
1358. 2(4,6,7,10,11) 4(4,5) 462.09
1359. 2(6,7,10,11,12) 4(4,5) 462.09
1360. 2(4,6,7,11) 4(4,5,6) 456.42
1361. 2(3,4,6,7,12) 4(4,5) 455.45
1362. 2(3,6,7,11,12) 4(4,5) 455.45
1363. 2(3,4,6,7,11,12) 4(5) 451.87
1364. 2(6,7,11,12) 4(4,5,6) 442.35
1365. 2(4,7,11,12) 4(4,5,6) 442.35
1366. 2(3,4,6,7,11) 4(4,5) 442.31
1367. 2(4,6,7,11,12) 4(4,5) 442.31
1368. 2(3,4,7,11,12) 4(4,5) 434.39
