1. 2(5,7) 4(1,2,3,4,5,6) 568.13
2. 2(1,2,7) 4(2,3,4,5,6) 564.6
3. 2(2,7) 4(1,2,3,4,5,6) 564.52
4. 2(7,9) 4(1,2,3,4,5,6) 564.52
5. 2(1,3,9,11) 4(2,3,4,5) 564.51
6. 2(1,3,11) 4(2,3,4,5,6) 564.24
7. 2(2,4,11) 4(2,3,4,5,6) 563.56
8. 2(1,3,5,6) 4(3,4,5,6) 563.31
9. 2(2,4,9,11) 4(2,3,4,5) 563.16
10. 2(1,2,7,10) 4(3,4,5,6) 562.62
11. 2(1,3,5,11) 4(3,4,5,6) 562.62
12. 2(1,2,11) 4(2,3,4,5,6) 562.27
13. 2(2,3,11) 4(2,3,4,5,6) 562.27
14. 2(2,6,7) 4(2,3,4,5,6) 561.28
15. 2(1,3,4,10) 4(3,4,5,6) 560.98
16. 2(1,3,6,10) 4(3,4,5,6) 560.98
17. 2(1,2,6,12) 4(3,4,5,6) 560.65
18. 2(1,4,5,12) 4(3,4,5,6) 560.65
19. 2(2,3,6,10) 4(3,4,5,6) 560.65
20. 2(3,4,5,10) 4(3,4,5,6) 560.65
21. 2(1,2,11,12) 4(2,3,4,5) 560.58
22. 2(2,4,5,6) 4(3,4,5,6) 560.36
23. 2(2,4,7) 4(2,3,4,5,6) 560.32
24. 2(1,3,7) 4(2,3,4,5,6) 560.32
25. 2(6,7) 4(1,2,3,4,5,6) 560.24
26. 2(2,4,5,8,10) 4(4,5,6) 560.01
27. 2(2,3,5,6,9) 4(4,5,6) 560.01
28. 2(1,3,6,9,10) 4(3,4,5) 559.94
29. 2(1,2,6,10,12) 4(3,4,5) 559.94
30. 2(1,7,9) 4(2,3,4,5,6) 559.62
31. 2(2,7,10) 4(2,3,4,5,6) 559.62
32. 2(1,3,9,10,11) 4(3,4,5) 559.57
33. 2(2,3,4) 4(2,3,4,5,6) 559.35
34. 2(2,4,5,6,8) 4(4,5,6) 559.34
35. 2(2,4,5,6,9) 4(4,5,6) 559.34
36. 2(4,5,7) 4(2,3,4,5,6) 559.31
37. 2(3,5,7) 4(2,3,4,5,6) 559.31
38. 2(2,5,6,7) 4(3,4,5,6) 558.99
39. 2(4,5,6,8) 4(3,4,5,6) 558.99
40. 2(1,3,6,10,12) 4(3,4,5) 558.9
41. 2(1,2,3,9,10,11) 4(4,5) 558.88
42. 2(1,2,4,9,10,12) 4(4,5) 558.88
43. 2(1,3,5,7,10,12) 4(3,5) 558.8
44. 2(1,2,5,6,8) 4(4,5,6) 558.74
45. 2(1,2,6,7) 4(3,4,5,6) 558.7
46. 2(3,4,5,6) 4(3,4,5,6) 558.7
47. 2(1,4,5,11) 4(3,4,5,6) 558.7
48. 2(2,4,6,10) 4(3,4,5,6) 558.7
49. 2(2,6,7,9) 4(2,3,4,5) 558.61
50. 2(1,4,9,11) 4(2,3,4,5) 558.26
51. 2(3,4,9,11) 4(2,3,4,5) 558.26
52. 2(1,2,5,7,9) 4(4,5,6) 558.04
53. 2(1,2,6,8,9) 4(4,5,6) 558.04
54. 2(1,2,5,7,10) 4(4,5,6) 558.04
55. 2(1,2,6,8,10) 4(4,5,6) 558.04
56. 2(1,5,6,7) 4(3,4,5,6) 558.03
57. 2(1,5,6,8) 4(3,4,5,6) 558.03
58. 2(1,2,3,6) 4(3,4,5,6) 557.74
59. 2(1,3,4,5) 4(3,4,5,6) 557.74
60. 2(1,4,9,10,12) 4(3,4,5) 557.6
61. 2(1,2,10,11,12) 4(3,4,5) 557.6
62. 2(1,2,7,9,10) 4(3,4,5) 557.29
63. 2(1,3,6,9,11) 4(3,4,5) 557.29
64. 2(2,4,6,10,12) 4(3,4,5) 557.29
65. 2(1,2,6,9,11) 4(3,4,5) 556.98
66. 2(2,4,6,9,10) 4(3,4,5) 556.98
67. 2(1,2,5,7) 4(3,4,5,6) 556.74
68. 2(1,4,5,7) 4(3,4,5,6) 556.74
69. 2(1,4,6,8) 4(3,4,5,6) 556.74
70. 2(1,2,6,11) 4(3,4,5,6) 556.74
71. 2(3,5,6,10,12) 4(3,4,5) 556.62
72. 2(1,3,5,6,9,12) 4(4,5) 556.6
73. 2(2,3,5,6,9,11) 4(4,5) 556.6
74. 2(2,4,5,6,9,12) 4(4,5) 556.6
75. 2(2,3,5,6,10,12) 4(4,5) 556.6
76. 2(1,3,5,7) 4(3,4,5,6) 556.37
77. 2(1,3,6,8) 4(3,4,5,6) 556.37
78. 2(1,5,6,12) 4(3,4,5,6) 556.37
79. 2(1,5,7,10) 4(3,4,5,6) 556.37
80. 2(1,6,8,10) 4(3,4,5,6) 556.37
81. 2(3,5,6,10) 4(3,4,5,6) 556.37
82. 2(1,3,6,12) 4(3,4,5,6) 556.01
83. 2(1,3,7,10) 4(3,4,5,6) 556.01
84. 2(1,3,10,11) 4(3,4,5,6) 556.01
85. 2(1,4,10,12) 4(3,4,5,6) 556.01
86. 2(1,2,5,6,9,12) 4(4,5) 556.0
87. 2(2,3,5,6,9,10) 4(4,5) 556.0
88. 2(1,2,5,7,9,10) 4(4,5) 556.0
89. 2(1,2,6,8,9,10) 4(4,5) 556.0
90. 2(1,2,7,9) 4(2,3,4,5) 555.99
91. 2(1,7,9,11) 4(2,3,4,5) 555.99
92. 2(2,4,7,10) 4(2,3,4,5) 555.99
93. 2(2,7,9,10) 4(2,3,4,5) 555.99
94. 2(2,4,9,10,11) 4(3,4,5) 555.94
95. 2(1,3,5,6,7,8,9,11)  555.66
96. 2(1,2,4,10,11) 4(3,4,5) 555.65
97. 2(1,4,9,10,11) 4(3,4,5) 555.65
98. 2(1,2,3,5,9,11) 4(4,5) 555.64
99. 2(1,2,3,6,9,10) 4(4,5) 555.64
100. 2(1,2,6,9,10,12) 4(4,5) 555.64
101. 2(2,4,5,9,10,12) 4(4,5) 555.64
102. 2(1,3,5,7,8,9,10) 4(5) 555.51
103. 2(1,2,5,7,8,10,12) 4(5) 555.51
104. 2(2,7,9) 4(2,3,4,5,6) 555.34
105. 2(1,7,10) 4(2,3,4,5,6) 555.34
106. 2(1,2,6,9,12) 4(3,4,5) 555.33
107. 2(1,4,7,9,10) 4(3,4,5) 555.33
108. 2(2,3,6,9,10) 4(3,4,5) 555.33
109. 2(1,2,7,10,11) 4(3,4,5) 555.33
110. 2(2,4,7,9) 4(2,3,4,5) 555.31
111. 2(2,7,9,11) 4(2,3,4,5) 555.31
112. 2(1,2,3,7,10,12) 4(3,5) 555.2
113. 2(1,3,7,9,10,12) 4(3,5) 555.2
114. 2(1,2,3,7,9,10,12) 4(5) 555.15
115. 2(1,2,4,5,8) 4(4,5,6) 555.13
116. 2(1,2,5,6,9) 4(4,5,6) 555.13
117. 2(1,2,6,7,9) 4(4,5,6) 555.04
118. 2(1,2,7,8,10) 4(4,5,6) 555.04
119. 2(1,2,7,9,10) 4(4,5,6) 555.04
120. 2(1,3,10,12) 4(3,4,5,6) 554.97
121. 2(1,2,4,5,9,11) 4(4,5) 554.96
122. 2(1,3,6,9,12) 4(3,4,5) 554.96
123. 2(1,3,7,9,10) 4(3,4,5) 554.96
124. 2(1,2,7,10,12) 4(3,4,5) 554.96
125. 2(2,3,6,10,12) 4(3,4,5) 554.96
126. 2(2,4,5,9,10,11) 4(4,5) 554.96
127. 2(1,4,7) 4(2,3,4,5,6) 554.74
128. 2(2,3,7) 4(2,3,4,5,6) 554.74
129. 2(2,5,7,11) 4(2,3,4,5) 554.67
130. 2(7,11) 4(1,2,3,4,5,6) 554.67
131. 2(1,3,5,7,10) 4(3,4,5) 554.65
132. 2(1,5,7,10,12) 4(3,4,5) 554.65
133. 2(1,2,5,7,9,11) 4(4,5) 554.63
134. 2(1,2,6,8,9,11) 4(4,5) 554.63
135. 2(2,4,5,7,9,10) 4(4,5) 554.63
136. 2(2,4,6,8,9,10) 4(4,5) 554.63
137. 2(1,2,4,9,10,11) 4(4,5) 554.6
138. 2(1,3,5,7,8,10,12) 4(5) 554.47
139. 2(1,4,11) 4(2,3,4,5,6) 554.38
140. 2(3,4,11) 4(2,3,4,5,6) 554.38
141. 2(2,5,6,7,9) 4(4,5,6) 554.36
142. 2(1,5,7,8,10) 4(4,5,6) 554.36
143. 2(1,2,6,7,9) 4(3,4,5) 554.34
144. 2(2,6,7,9,10) 4(3,4,5) 554.34
145. 2(3,5,6,9,11) 4(3,4,5) 554.34
146. 2(2,4,5,6,7,8,9,11)  554.31
147. 2(1,2,6,7,9,12) 4(3,5) 554.25
148. 2(1,3,5,7,9,11) 4(3,5) 554.25
149. 2(2,3,6,7,9,10) 4(3,5) 554.25
150. 2(1,2,7,8,10,11) 4(3,5) 554.25
151. 2(1,5,6,7,9) 4(3,4,5) 554.03
152. 2(2,5,6,7,10) 4(3,4,5) 554.03
153. 2(1,4,7,9) 4(2,3,4,5) 554.02
154. 2(1,2,7,11) 4(2,3,4,5) 554.02
155. 2(4,7,9,10) 4(2,3,4,5) 554.02
156. 2(2,7,10,11) 4(2,3,4,5) 554.02
157. 2(1,2,4,6) 4(3,4,5,6) 553.82
158. 2(1,4,5,6) 4(3,4,5,6) 553.82
159. 2(1,4,5,6,8) 4(4,5,6) 553.76
160. 2(1,5,6,8,9) 4(4,5,6) 553.76
161. 2(2,5,6,8,10) 4(4,5,6) 553.76
162. 2(1,2,4,6,9) 4(4,5,6) 553.76
163. 2(1,2,5,6,7) 4(4,5,6) 553.76
164. 2(1,2,5,7,8) 4(4,5,6) 553.76
165. 2(1,6,7,9) 4(3,4,5,6) 553.73
166. 2(1,4,8,11) 4(3,4,5,6) 553.73
167. 2(2,4,6,12) 4(3,4,5,6) 553.73
168. 2(2,4,7,10) 4(3,4,5,6) 553.73
169. 2(2,6,7,10) 4(3,4,5,6) 553.73
170. 2(3,4,5,11) 4(3,4,5,6) 553.73
171. 2(3,5,6,11) 4(3,4,5,6) 553.73
172. 2(4,5,6,12) 4(3,4,5,6) 553.73
173. 2(1,5,6,7,8) 4(4,5,6) 553.69
174. 2(2,5,6,7,8) 4(4,5,6) 553.69
175. 2(1,2,4,5,9,12) 4(4,5) 553.67
176. 2(1,2,5,9,11,12) 4(4,5) 553.67
177. 2(2,3,5,9,10,11) 4(4,5) 553.67
178. 2(1,2,5,10,11,12) 4(4,5) 553.67
179. 2(1,6,7,8,10) 4(3,4,5) 553.66
180. 2(2,4,5,7) 4(3,4,5,6) 553.42
181. 2(2,5,6,11) 4(3,4,5,6) 553.42
182. 2(4,7,9) 4(2,3,4,5,6) 553.38
183. 2(1,2,6,7,10) 4(3,4,5) 553.38
184. 2(1,3,5,6,11) 4(3,4,5) 553.38
185. 2(1,6,7,9,10) 4(3,4,5) 553.38
186. 2(2,7,11) 4(2,3,4,5,6) 553.38
187. 2(4,5,6,10,12) 4(3,4,5) 553.38
188. 2(1,7,12) 4(2,3,4,5,6) 553.37
189. 2(3,7,10) 4(2,3,4,5,6) 553.37
190. 2(1,7,8,10) 4(3,4,5,6) 553.36
191. 2(3,5,6,12) 4(3,4,5,6) 553.36
192. 2(1,4,6,9,12) 4(3,4,5) 553.36
193. 2(3,4,6,9,10) 4(3,4,5) 553.36
194. 2(1,2,6,11,12) 4(3,4,5) 553.36
195. 2(2,3,6,10,11) 4(3,4,5) 553.36
196. 2(1,2,3,5,7,10,12) 4(5) 553.18
197. 2(1,3,5,7,9,10,12) 4(5) 553.18
198. 2(1,3,5,7,9) 4(4,5,6) 553.07
199. 2(3,4,5,6,9) 4(4,5,6) 553.07
200. 2(2,4,5,7,10) 4(4,5,6) 553.07
201. 2(2,4,6,8,10) 4(4,5,6) 553.07
202. 2(1,5,7,8) 4(3,4,5,6) 553.05
203. 2(1,6,7,8) 4(3,4,5,6) 553.05
204. 2(3,5,6,7) 4(3,4,5,6) 553.05
205. 2(3,5,6,8) 4(3,4,5,6) 553.05
206. 2(1,6,7,9) 4(2,3,4,5) 553.03
207. 2(3,6,7,9) 4(2,3,4,5) 553.03
208. 2(1,2,6,7,9,10) 4(4,5) 552.99
209. 2(1,3,5,6,9,11) 4(4,5) 552.99
210. 2(2,3,5,6,9,12) 4(4,5) 552.99
211. 2(2,4,5,6,10,12) 4(4,5) 552.99
212. 2(2,4,6,9,11) 4(3,4,5) 552.99
213. 2(1,5,6,7,8,9) 4(4,5) 552.97
214. 2(2,5,6,7,8,10) 4(4,5) 552.97
215. 2(1,3,4,10,12) 4(3,4,5) 552.96
216. 2(1,3,10,11,12) 4(3,4,5) 552.96
217. 2(1,3,6,7,9,10) 4(3,5) 552.92
218. 2(1,3,6,7,9,12) 4(3,5) 552.92
219. 2(1,3,7,8,10,11) 4(3,5) 552.92
220. 2(1,3,7,9,10,11) 4(3,5) 552.92
221. 2(1,5,6,7,8,12) 4(3,5) 552.9
222. 2(1,2,6,7,8,9,10) 4(5) 552.87
223. 2(1,3,5,7,8,9,11) 4(5) 552.87
224. 2(1,2,7,8,9,10,11) 4(5) 552.87
225. 2(1,3,6,11) 4(3,4,5,6) 552.76
226. 2(1,4,7,10) 4(3,4,5,6) 552.76
227. 2(1,4,11,12) 4(2,3,4,5) 552.69
228. 2(1,9,11,12) 4(2,3,4,5) 552.69
229. 2(3,4,10,11) 4(2,3,4,5) 552.69
230. 2(1,2,5,6,7,9) 4(4,5) 552.68
231. 2(2,5,6,7,9,10) 4(4,5) 552.68
232. 2(1,5,6,8,9,11) 4(4,5) 552.68
233. 2(2,4,5,6,8,10) 4(4,5) 552.68
234. 2(1,2,5,7,8,9,11) 4(5) 552.56
235. 2(1,2,6,9,10) 4(3,4,5) 552.41
236. 2(4,5,6,8,9) 4(4,5,6) 552.39
237. 2(2,4,5,7,9) 4(4,5,6) 552.39
238. 2(2,4,6,8,9) 4(4,5,6) 552.39
239. 2(1,3,5,7,10) 4(4,5,6) 552.39
240. 2(1,5,7,9,11) 4(3,4,5) 552.37
241. 2(2,4,5,7,10) 4(3,4,5) 552.37
242. 2(4,5,6,9,12) 4(3,4,5) 552.37
243. 2(2,5,6,11,12) 4(3,4,5) 552.37
244. 2(1,3,6,7,8,10) 4(3,5) 552.24
245. 2(1,6,7,8,10,12) 4(3,5) 552.24
246. 2(1,3,5,6,7,8,9) 4(5) 552.19
247. 2(2,4,5,6,8,9) 4(4,5) 552.01
248. 2(1,2,7,9,11) 4(3,4,5) 552.01
249. 2(2,3,6,9,11) 4(3,4,5) 552.01
250. 2(2,4,6,9,12) 4(3,4,5) 552.01
251. 2(2,4,7,9,10) 4(3,4,5) 552.01
252. 2(2,5,6,8,9,11) 4(4,5) 552.01
253. 2(1,2,3,7,8,9,10) 4(5) 551.9
254. 2(1,2,7,8,9,10,12) 4(5) 551.9
255. 2(1,4,7,9) 4(3,4,5,6) 551.76
256. 2(1,2,7,11) 4(3,4,5,6) 551.76
257. 2(1,5,7,11) 4(3,4,5,6) 551.76
258. 2(1,6,8,11) 4(3,4,5,6) 551.76
259. 2(2,3,6,11) 4(3,4,5,6) 551.76
260. 2(2,5,7,10) 4(3,4,5,6) 551.76
261. 2(4,5,7,10) 4(3,4,5,6) 551.76
262. 2(4,6,8,10) 4(3,4,5,6) 551.76
263. 2(1,5,6,10,12) 4(3,4,5) 551.74
264. 2(1,2,5,6,7,8,11,12)  551.73
265. 2(1,3,5,6,9,10) 4(4,5) 551.72
266. 2(1,2,5,6,10,12) 4(4,5) 551.72
267. 2(1,2,5,6,9,11) 4(4,5) 551.72
268. 2(2,4,5,6,9,10) 4(4,5) 551.72
269. 2(6,7,8) 4(2,3,4,5,6) 551.71
270. 2(1,5,6,7,12) 4(3,4,5) 551.7
271. 2(3,5,6,7,10) 4(3,4,5) 551.7
272. 2(2,4,5,6,9,11) 4(4,5) 551.64
273. 2(1,3,5,6,10,12) 4(4,5) 551.64
274. 2(1,6,7) 4(2,3,4,5,6) 551.42
275. 2(3,6,7) 4(2,3,4,5,6) 551.42
276. 2(1,2,5,7,10) 4(3,4,5) 551.41
277. 2(1,4,5,6,12) 4(3,4,5) 551.41
278. 2(1,4,5,7,10) 4(3,4,5) 551.41
279. 2(1,5,7,9,10) 4(3,4,5) 551.41
280. 2(3,4,5,6,10) 4(3,4,5) 551.41
281. 2(1,5,6,11,12) 4(3,4,5) 551.41
282. 2(1,5,7,10,11) 4(3,4,5) 551.41
283. 2(3,5,6,10,11) 4(3,4,5) 551.41
284. 2(5,6,7,8) 4(2,3,4,5) 551.35
285. 2(1,4,5,7,9) 4(4,5,6) 551.1
286. 2(1,4,6,8,9) 4(4,5,6) 551.1
287. 2(1,2,5,7,11) 4(4,5,6) 551.1
288. 2(2,3,5,7,10) 4(4,5,6) 551.1
289. 2(1,5,7,11) 4(2,3,4,5) 551.06
290. 2(3,5,7,11) 4(2,3,4,5) 551.06
291. 2(4,5,7,10) 4(2,3,4,5) 551.06
292. 2(4,5,7,12) 4(2,3,4,5) 551.06
293. 2(1,2,3,7,10,11) 4(3,5) 550.95
294. 2(1,3,5,7,10,11) 4(3,5) 550.95
295. 2(1,3,5,7,11,12) 4(3,5) 550.95
296. 2(1,2,7,10,11,12) 4(3,5) 550.95
297. 2(1,3,6,7,10,12) 4(3,5) 550.91
298. 2(1,3,7,8,10,12) 4(3,5) 550.91
299. 2(1,2,3,5,7,9,11) 4(5) 550.9
300. 2(1,2,6,7,8,9,12) 4(5) 550.9
301. 2(2,3,6,7,8,9,10) 4(5) 550.9
302. 2(1,2,5,7,8,10,11) 4(5) 550.9
303. 2(1,4,6,12) 4(3,4,5,6) 550.8
304. 2(3,4,6,10) 4(3,4,5,6) 550.8
305. 2(1,2,4,5,9,10) 4(4,5) 550.75
306. 2(1,2,5,9,10,11) 4(4,5) 550.75
307. 2(1,4,5,6,8,9) 4(4,5) 550.71
308. 2(1,2,5,6,8,11) 4(4,5) 550.71
309. 2(4,5,6,8,9,10) 4(4,5) 550.71
310. 2(2,5,6,8,10,11) 4(4,5) 550.71
311. 2(2,5,6,7,9) 4(3,4,5) 550.71
312. 2(1,3,4,9,11) 4(3,4,5) 550.68
313. 2(2,4,10,11,12) 4(3,4,5) 550.68
314. 2(1,2,3,6,9,11) 4(4,5) 550.66
315. 2(1,2,3,6,9,12) 4(4,5) 550.66
316. 2(1,2,4,7,9,10) 4(4,5) 550.66
317. 2(1,3,4,5,9,11) 4(4,5) 550.66
318. 2(1,2,7,9,10,11) 4(4,5) 550.66
319. 2(2,3,6,9,10,12) 4(4,5) 550.66
320. 2(2,4,6,9,10,12) 4(4,5) 550.66
321. 2(2,4,5,10,11,12) 4(4,5) 550.66
322. 2(1,3,6,7,8,9,10) 4(5) 550.54
323. 2(1,2,3,7,9,10,11) 4(5) 550.54
324. 2(1,2,6,7,8,10,12) 4(5) 550.54
325. 2(1,3,5,7,8,10,11) 4(5) 550.54
326. 2(1,4,6,9,10) 4(3,4,5) 550.44
327. 2(1,2,6,10,11) 4(3,4,5) 550.44
328. 2(2,6,7,9) 4(3,4,5,6) 550.41
329. 2(4,5,8,11) 4(3,4,5,6) 550.41
330. 2(1,4,5,7,9) 4(3,4,5) 550.4
331. 2(1,2,5,7,11) 4(3,4,5) 550.4
332. 2(4,5,7,9,10) 4(3,4,5) 550.4
333. 2(2,5,7,10,11) 4(3,4,5) 550.4
334. 2(1,2,5,7,11,12) 4(3,5) 550.31
335. 2(2,3,5,7,10,11) 4(3,5) 550.31
336. 2(1,3,5,8,9,10,12) 4(5) 550.26
337. 2(1,5,6,7,8,9,12) 4(5) 550.22
338. 2(3,5,6,7,8,9,10) 4(5) 550.22
339. 2(2,4,5,6,10) 4(4,5,6) 550.15
340. 2(2,3,4,5,6) 4(4,5,6) 550.15
341. 2(2,3,5,6,7,9,11,12)  550.09
342. 2(1,2,3,6,7,8,9,11)  550.09
343. 2(1,2,3,6,10) 4(3,4,5) 550.08
344. 2(1,3,6,10,11) 4(3,4,5) 550.08
345. 2(1,4,6,10,12) 4(3,4,5) 550.08
346. 2(1,6,9,10,12) 4(3,4,5) 550.08
347. 2(5,6,7,8,10) 4(3,4,5) 550.04
348. 2(1,2,3,6,10,12) 4(4,5) 549.99
349. 2(1,3,6,9,10,12) 4(4,5) 549.99
350. 2(2,3,4,5,9,11) 4(4,5) 549.99
351. 2(2,4,5,9,11,12) 4(4,5) 549.99
352. 2(1,3,6,7,8,9) 4(3,5) 549.96
353. 2(1,2,6,7,8,10) 4(3,5) 549.96
354. 2(1,6,7,8,9,10) 4(3,5) 549.96
355. 2(2,6,7,8,10,12) 4(3,5) 549.96
356. 2(1,2,3,5,7,9,10) 4(5) 549.94
357. 2(1,2,3,5,7,9,12) 4(5) 549.94
358. 2(1,2,5,7,9,10,12) 4(5) 549.94
359. 2(2,3,5,7,9,10,12) 4(5) 549.94
360. 2(3,7,9) 4(2,3,4,5,6) 549.77
361. 2(1,7,11) 4(2,3,4,5,6) 549.77
362. 2(2,7,12) 4(2,3,4,5,6) 549.77
363. 2(4,7,10) 4(2,3,4,5,6) 549.77
364. 2(2,4,5,6,11) 4(3,4,5) 549.75
365. 2(4,5,6,9,11) 4(3,4,5) 549.75
366. 2(1,3,4,10,11) 4(3,4,5) 549.71
367. 2(1,4,10,11,12) 4(3,4,5) 549.71
368. 2(2,5,6,8,9) 4(4,5,6) 549.48
369. 2(1,5,6,8,10) 4(4,5,6) 549.48
370. 2(1,5,6,9,11) 4(3,4,5) 549.46
371. 2(1,5,7,12) 4(3,4,5,6) 549.43
372. 2(1,6,8,12) 4(3,4,5,6) 549.43
373. 2(3,5,7,10) 4(3,4,5,6) 549.43
374. 2(3,6,8,10) 4(3,4,5,6) 549.43
375. 2(1,4,5,6,7,8,9,11)  549.41
376. 2(3,4,5,6,7,8,9,11)  549.41
377. 2(2,6,7,8) 4(2,3,4,5) 549.4
378. 2(6,7,8,9) 4(2,3,4,5) 549.4
379. 2(3,9,11) 4(2,3,4,5,6) 549.4
380. 2(4,5,6,7) 4(3,4,5,6) 549.14
381. 2(2,4,6,11) 4(3,4,5,6) 549.14
382. 2(5,6,7,8) 4(3,4,5,6) 549.06
383. 2(1,4,5,6,9,12) 4(4,5) 549.06
384. 2(1,4,5,7,9,10) 4(4,5) 549.06
385. 2(1,4,6,8,9,10) 4(4,5) 549.06
386. 2(3,4,5,6,9,10) 4(4,5) 549.06
387. 2(1,2,5,6,11,12) 4(4,5) 549.06
388. 2(1,2,5,7,10,11) 4(4,5) 549.06
389. 2(1,2,6,8,10,11) 4(4,5) 549.06
390. 2(2,3,5,6,10,11) 4(4,5) 549.06
391. 2(1,6,7,8,9) 4(3,4,5) 549.05
392. 2(3,5,6,7,9) 4(3,4,5) 549.05
393. 2(2,5,6,7,12) 4(3,4,5) 549.05
394. 2(2,6,7,8,10) 4(3,4,5) 549.05
395. 2(1,2,9,10,11,12) 4(4,5) 549.02
396. 2(1,2,5,7,8,11,12) 4(5) 548.93
397. 2(1,2,5,7,9,11,12) 4(5) 548.93
398. 2(2,3,5,7,8,10,11) 4(5) 548.93
399. 2(2,3,5,7,9,10,11) 4(5) 548.93
400. 2(1,2,4,7) 4(3,4,5,6) 548.85
401. 2(2,3,4,6) 4(3,4,5,6) 548.85
402. 2(1,5,6,11) 4(3,4,5,6) 548.85
403. 2(4,5,6,10) 4(3,4,5,6) 548.85
404. 2(1,2,4,7,9) 4(4,5,6) 548.79
405. 2(1,2,6,7,8) 4(4,5,6) 548.79
406. 2(1,4,5,7,8) 4(4,5,6) 548.79
407. 2(1,5,6,7,9) 4(4,5,6) 548.79
408. 2(1,5,7,8,9) 4(4,5,6) 548.79
409. 2(2,3,4,6,9) 4(4,5,6) 548.79
410. 2(2,3,5,6,7) 4(4,5,6) 548.79
411. 2(3,4,5,6,8) 4(4,5,6) 548.79
412. 2(1,2,3,7,10) 4(4,5,6) 548.79
413. 2(2,5,6,7,10) 4(4,5,6) 548.79
414. 2(2,5,7,8,10) 4(4,5,6) 548.79
415. 2(4,5,6,8,10) 4(4,5,6) 548.79
416. 2(1,5,6,7,10) 4(3,4,5) 548.78
417. 2(4,5,6,7,9) 4(3,4,5) 548.74
418. 2(2,5,6,7,11) 4(3,4,5) 548.74
419. 2(4,9,11) 4(2,3,4,5,6) 548.73
420. 2(1,2,4,11,12) 4(3,4,5) 548.71
421. 2(1,4,9,11,12) 4(3,4,5) 548.71
422. 2(2,3,4,10,11) 4(3,4,5) 548.71
423. 2(3,4,9,10,11) 4(3,4,5) 548.71
424. 2(1,2,4,6,9,12) 4(4,5) 548.69
425. 2(2,3,4,6,9,10) 4(4,5) 548.69
426. 2(1,2,4,5,11,12) 4(4,5) 548.69
427. 2(1,2,6,9,11,12) 4(4,5) 548.69
428. 2(1,4,5,9,11,12) 4(4,5) 548.69
429. 2(2,3,4,5,10,11) 4(4,5) 548.69
430. 2(2,3,6,9,10,11) 4(4,5) 548.69
431. 2(3,4,5,9,10,11) 4(4,5) 548.69
432. 2(2,5,6,7,8,9) 4(4,5) 548.69
433. 2(2,5,6,7,8,9,11) 4(5) 548.56
434. 2(1,3,6,7) 4(3,4,5,6) 548.48
435. 2(1,3,4,11) 4(3,4,5,6) 548.48
436. 2(1,6,7,10) 4(3,4,5,6) 548.48
437. 2(1,4,10,11) 4(3,4,5,6) 548.48
438. 2(4,9,10,11) 4(2,3,4,5) 548.41
439. 2(4,9,11,12) 4(2,3,4,5) 548.41
440. 2(1,3,6,7,9) 4(3,4,5) 548.4
441. 2(1,4,7,8,10) 4(3,4,5) 548.4
442. 2(3,4,5,6,12) 4(3,4,5) 548.4
443. 2(1,7,8,10,11) 4(3,4,5) 548.4
444. 2(2,6,7,10,12) 4(3,4,5) 548.4
445. 2(3,5,6,11,12) 4(3,4,5) 548.4
446. 2(2,3,5,6,7,8,9) 4(5) 548.28
447. 2(2,5,6,7,8,9,12) 4(5) 548.28
448. 2(1,4,5,6,9) 4(4,5,6) 548.19
449. 2(1,2,3,5,7) 4(4,5,6) 548.19
450. 2(1,2,4,5,7) 4(4,5,6) 548.19
451. 2(1,2,4,6,8) 4(4,5,6) 548.19
452. 2(1,2,5,6,7,9,11,12)  548.12
453. 2(1,2,6,7,8,10,11,12)  548.12
454. 2(1,2,6,7,8,9,11,12)  548.12
455. 2(2,3,6,7,8,9,10,11)  548.12
456. 2(1,2,3,5,6,9) 4(4,5) 548.11
457. 2(2,5,6,9,10,12) 4(4,5) 548.11
458. 2(1,2,6,7,8,12) 4(3,5) 548.0
459. 2(1,6,7,8,9,12) 4(3,5) 548.0
460. 2(2,3,6,7,8,10) 4(3,5) 548.0
461. 2(3,6,7,8,9,10) 4(3,5) 548.0
462. 2(1,2,5,7,8,9,10) 4(5) 547.99
463. 2(1,3,4,6) 4(3,4,5,6) 547.88
464. 2(1,4,6,10) 4(3,4,5,6) 547.88
465. 2(1,2,5,6,8,9) 4(4,5) 547.8
466. 2(2,5,6,8,9,10) 4(4,5) 547.8
467. 2(1,3,7,9) 4(3,4,5,6) 547.79
468. 2(1,3,8,11) 4(3,4,5,6) 547.79
469. 2(2,3,6,12) 4(3,4,5,6) 547.79
470. 2(3,4,5,12) 4(3,4,5,6) 547.79
471. 2(1,2,6,7,8,9) 4(4,5) 547.71
472. 2(1,3,5,6,7,9) 4(4,5) 547.71
473. 2(2,3,5,6,7,9) 4(4,5) 547.71
474. 2(2,4,5,6,8,12) 4(4,5) 547.71
475. 2(2,5,6,7,9,12) 4(4,5) 547.71
476. 2(2,6,7,8,9,10) 4(4,5) 547.71
477. 2(3,5,6,8,9,11) 4(4,5) 547.71
478. 2(2,5,6,7,10,12) 4(4,5) 547.71
479. 2(1,2,4,9,11,12) 4(4,5) 547.65
480. 2(2,3,4,9,10,11) 4(4,5) 547.65
481. 2(1,2,6,7,8,9,11) 4(5) 547.58
482. 2(2,3,5,6,7,9,11) 4(5) 547.58
483. 2(4,5,6,9,10) 4(3,4,5) 547.49
484. 2(2,5,6,10,11) 4(3,4,5) 547.49
485. 2(1,2,3,6,9) 4(3,4,5) 547.44
486. 2(1,2,4,7,10) 4(3,4,5) 547.44
487. 2(1,7,9,10,11) 4(3,4,5) 547.44
488. 2(2,6,9,10,12) 4(3,4,5) 547.44
489. 2(2,10,11) 4(2,3,4,5,6) 547.44
490. 2(2,11,12) 4(2,3,4,5,6) 547.44
491. 2(1,2,4,6,9) 4(3,4,5) 547.12
492. 2(1,4,6,9,11) 4(3,4,5) 547.12
493. 2(2,4,6,10,11) 4(3,4,5) 547.12
494. 2(2,6,9,10,11) 4(3,4,5) 547.12
495. 2(2,4,5,6,7,9) 4(4,5) 547.03
496. 2(2,4,5,6,8,11) 4(4,5) 547.03
497. 2(2,5,6,7,9,11) 4(4,5) 547.03
498. 2(4,5,6,8,9,11) 4(4,5) 547.03
499. 2(1,2,6,7,9,11) 4(3,5) 547.01
500. 2(1,6,7,8,9,11) 4(3,5) 547.01
501. 2(2,3,6,7,9,11) 4(3,5) 547.01
502. 2(3,5,6,7,9,11) 4(3,5) 547.01
503. 2(2,5,6,7,8,11) 4(3,5) 546.99
504. 2(1,2,3,6,7,9,12) 4(5) 546.93
505. 2(1,3,7,8,9,10,11) 4(5) 546.93
506. 2(2,3,6,7,9,10,12) 4(5) 546.93
507. 2(2,4,5,7) 4(2,3,4,5) 546.78
508. 2(2,6,7,11) 4(2,3,4,5) 546.78
509. 2(4,5,7,11) 4(2,3,4,5) 546.78
510. 2(5,7,9,11) 4(2,3,4,5) 546.78
511. 2(1,6,7,12) 4(2,3,4,5) 546.78
512. 2(3,6,7,10) 4(2,3,4,5) 546.78
513. 2(1,3,6,7,10) 4(3,4,5) 546.76
514. 2(1,6,7,10,12) 4(3,4,5) 546.76
515. 2(2,3,4,5,6,9) 4(4,5) 546.74
516. 2(1,2,3,5,6,12) 4(4,5) 546.74
517. 2(2,5,6,9,11,12) 4(4,5) 546.74
518. 2(3,5,6,9,10,12) 4(4,5) 546.74
519. 2(4,5,7,9) 4(3,4,5,6) 546.48
520. 2(2,5,7,11) 4(3,4,5,6) 546.48
521. 2(2,6,8,11) 4(3,4,5,6) 546.48
522. 2(6,7,9) 4(2,3,4,5,6) 546.45
523. 2(1,3,5,7,9) 4(3,4,5) 546.43
524. 2(1,2,6,7,12) 4(3,4,5) 546.43
525. 2(1,3,5,7,11) 4(3,4,5) 546.43
526. 2(1,6,7,9,12) 4(3,4,5) 546.43
527. 2(2,3,6,7,10) 4(3,4,5) 546.43
528. 2(3,6,7,9,10) 4(3,4,5) 546.43
529. 2(2,5,7,10,12) 4(3,4,5) 546.43
530. 2(4,5,7,10,12) 4(3,4,5) 546.43
531. 2(1,3,6,7,9,11) 4(3,5) 546.36
532. 2(1,3,7,8,9,11) 4(3,5) 546.36
533. 2(2,3,6,7,9,12) 4(3,5) 546.36
534. 2(1,5,6,7,8,11) 4(3,5) 546.34
535. 2(3,5,6,7,8,11) 4(3,5) 546.34
536. 2(1,6,10,12) 4(3,4,5,6) 546.15
537. 2(1,3,4,12) 4(3,4,5,6) 546.15
538. 2(2,4,7,12) 4(2,3,4,5) 546.13
539. 2(3,7,9,11) 4(2,3,4,5) 546.13
540. 2(1,4,7,10) 4(2,3,4,5) 546.13
541. 2(1,7,10,11) 4(2,3,4,5) 546.13
542. 2(1,3,5,7,9,11) 4(4,5) 546.05
543. 2(1,3,6,8,9,11) 4(4,5) 546.05
544. 2(2,4,5,7,10,12) 4(4,5) 546.05
545. 2(2,4,6,8,10,12) 4(4,5) 546.05
546. 2(1,2,6,7,9,12) 4(4,5) 546.05
547. 2(2,3,6,7,9,10) 4(4,5) 546.05
548. 2(3,4,5,6,9,12) 4(4,5) 546.05
549. 2(2,3,5,6,11,12) 4(4,5) 546.05
550. 2(1,2,5,7,8,9,12) 4(5) 546.02
551. 2(2,3,5,7,8,9,10) 4(5) 546.02
552. 2(1,2,7,12) 4(3,4,5,6) 545.82
553. 2(2,3,7,10) 4(3,4,5,6) 545.82
554. 2(1,5,11,12) 4(3,4,5,6) 545.82
555. 2(3,5,10,11) 4(3,4,5,6) 545.82
556. 2(1,2,4,5,10,11) 4(4,5) 545.78
557. 2(1,4,5,9,10,11) 4(4,5) 545.78
558. 2(1,2,4,6,9,10) 4(4,5) 545.78
559. 2(1,2,6,9,10,11) 4(4,5) 545.78
560. 2(1,2,5,6,7,12) 4(4,5) 545.74
561. 2(1,5,6,7,9,12) 4(4,5) 545.74
562. 2(2,3,5,6,7,10) 4(4,5) 545.74
563. 2(2,3,5,6,8,11) 4(4,5) 545.74
564. 2(3,5,6,7,9,10) 4(4,5) 545.74
565. 2(4,5,6,8,9,12) 4(4,5) 545.74
566. 2(1,5,6,8,11,12) 4(4,5) 545.74
567. 2(2,5,6,8,11,12) 4(4,5) 545.74
568. 2(1,2,3,5,7,8,10) 4(5) 545.65
569. 2(1,3,5,7,8,9,12) 4(5) 545.65
570. 2(1,5,7,8,9,10,12) 4(5) 545.65
571. 2(2,3,5,7,8,10,12) 4(5) 545.65
572. 2(1,3,5,6,7,8,12) 4(5) 545.58
573. 2(3,5,6,7,8,10,12) 4(5) 545.58
574. 2(2,4,6,7) 4(3,4,5,6) 545.53
575. 2(4,5,6,11) 4(3,4,5,6) 545.53
576. 2(1,3,4,6,9) 4(3,4,5) 545.47
577. 2(1,2,3,6,11) 4(3,4,5) 545.47
578. 2(1,2,4,6,12) 4(3,4,5) 545.47
579. 2(2,3,4,6,10) 4(3,4,5) 545.47
580. 2(1,6,9,11,12) 4(3,4,5) 545.47
581. 2(3,6,9,10,11) 4(3,4,5) 545.47
582. 2(4,6,9,10,12) 4(3,4,5) 545.47
583. 2(2,6,10,11,12) 4(3,4,5) 545.47
584. 2(2,4,7,11) 4(2,3,4,5) 545.45
585. 2(4,7,9,11) 4(2,3,4,5) 545.45
586. 2(1,3,7,10,11,12) 4(3,5) 545.34
587. 2(1,2,3,7,8,10,12) 4(5) 545.29
588. 2(1,3,7,8,9,10,12) 4(5) 545.29
589. 2(1,2,4,5,6) 4(4,5,6) 545.27
590. 2(1,2,5,6,10) 4(4,5,6) 545.27
591. 2(1,2,3,7,9) 4(4,5,6) 545.18
592. 2(1,2,7,8,9) 4(4,5,6) 545.18
593. 2(1,2,4,7,10) 4(4,5,6) 545.18
594. 2(1,2,6,7,10) 4(4,5,6) 545.18
595. 2(1,2,3,6,12) 4(3,4,5) 545.1
596. 2(1,3,6,11,12) 4(3,4,5) 545.1
597. 2(3,4,6,10,12) 4(3,4,5) 545.1
598. 2(3,6,9,10,12) 4(3,4,5) 545.1
599. 2(1,2,3,7,10) 4(3,4,5) 545.1
600. 2(1,3,7,10,11) 4(3,4,5) 545.1
601. 2(1,4,7,10,12) 4(3,4,5) 545.1
602. 2(1,7,9,10,12) 4(3,4,5) 545.1
603. 2(1,2,6,7,8,11) 4(3,5) 545.04
604. 2(2,3,5,6,7,11) 4(3,5) 545.04
605. 2(2,5,6,7,11,12) 4(3,5) 545.04
606. 2(2,6,7,8,10,11) 4(3,5) 545.04
607. 2(3,5,6,7,8,12) 4(3,5) 545.01
608. 2(5,6,7,8,10,12) 4(3,5) 545.01
609. 2(1,2,3,7,8,10,11) 4(5) 544.96
610. 2(1,3,5,7,9,10,11) 4(5) 544.96
611. 2(1,3,5,7,9,11,12) 4(5) 544.96
612. 2(1,2,7,8,10,11,12) 4(5) 544.96
613. 2(3,4,7) 4(2,3,4,5,6) 544.89
614. 2(3,4,11,12) 4(2,3,4,5) 544.8
615. 2(4,10,11,12) 4(2,3,4,5) 544.8
616. 2(1,2,4,5,7,9) 4(4,5) 544.78
617. 2(1,2,4,6,8,9) 4(4,5) 544.78
618. 2(2,5,7,9,10,11) 4(4,5) 544.78
619. 2(2,6,8,9,10,11) 4(4,5) 544.78
620. 2(2,4,6,7,9) 4(3,4,5) 544.77
621. 2(2,6,7,9,11) 4(3,4,5) 544.77
622. 2(1,3,9,11,12) 4(3,4,5) 544.74
623. 2(2,4,5,7,9,11) 4(4,5) 544.7
624. 2(2,4,6,8,9,11) 4(4,5) 544.7
625. 2(1,3,5,6,7) 4(4,5,6) 544.5
626. 2(1,3,5,7,8) 4(4,5,6) 544.5
627. 2(2,4,5,6,7) 4(4,5,6) 544.5
628. 2(2,4,5,7,8) 4(4,5,6) 544.5
629. 2(1,6,7,9,11) 4(3,4,5) 544.48
630. 2(2,4,6,7,10) 4(3,4,5) 544.48
631. 2(3,4,5,6,11) 4(3,4,5) 544.48
632. 2(5,7,11) 4(2,3,4,5,6) 544.48
633. 2(4,5,6,11,12) 4(3,4,5) 544.48
634. 2(5,7,12) 4(2,3,4,5,6) 544.48
635. 2(1,2,5,7,12) 4(3,4,5) 544.46
636. 2(1,4,5,7,12) 4(3,4,5) 544.46
637. 2(1,5,7,9,12) 4(3,4,5) 544.46
638. 2(2,3,5,7,10) 4(3,4,5) 544.46
639. 2(3,4,5,7,10) 4(3,4,5) 544.46
640. 2(3,5,7,9,10) 4(3,4,5) 544.46
641. 2(1,5,7,11,12) 4(3,4,5) 544.46
642. 2(3,5,7,10,11) 4(3,4,5) 544.46
643. 2(1,2,5,6,7) 4(3,4,5) 544.17
644. 2(1,5,6,7,11) 4(3,4,5) 544.17
645. 2(4,5,6,7,10) 4(3,4,5) 544.17
646. 2(5,6,7,9,10) 4(3,4,5) 544.17
647. 2(2,6,7,8) 4(3,4,5,6) 544.16
648. 2(4,5,7,8) 4(3,4,5,6) 544.16
649. 2(5,6,7,9) 4(3,4,5,6) 544.16
650. 2(2,3,7,11) 4(2,3,4,5) 544.16
651. 2(4,7,9,12) 4(2,3,4,5) 544.16
652. 2(5,6,8,11) 4(3,4,5,6) 544.16
653. 2(2,7,11,12) 4(2,3,4,5) 544.16
654. 2(1,7,11,12) 4(2,3,4,5) 544.16
655. 2(1,3,7,10,12) 4(3,4,5) 544.06
656. 2(1,3,4,9,10,11) 4(4,5) 544.05
657. 2(1,2,4,10,11,12) 4(4,5) 544.05
658. 2(1,2,7,8) 4(3,4,5,6) 543.87
659. 2(1,4,7,8) 4(3,4,5,6) 543.87
660. 2(2,3,6,7) 4(3,4,5,6) 543.87
661. 2(4,5,10,11) 4(3,4,5,6) 543.87
662. 2(1,4,5,6,7,8,11,12)  543.84
663. 2(3,4,5,6,7,8,10,11)  543.84
664. 2(1,5,6,7,8,9,11,12)  543.84
665. 2(1,6,7,8,9) 4(4,5,6) 543.81
666. 2(3,5,6,7,9) 4(4,5,6) 543.81
667. 2(1,3,7,9,10) 4(4,5,6) 543.81
668. 2(1,5,7,8,11) 4(4,5,6) 543.81
669. 2(2,4,7,9,10) 4(4,5,6) 543.81
670. 2(2,5,6,7,12) 4(4,5,6) 543.81
671. 2(2,6,7,8,10) 4(4,5,6) 543.81
672. 2(4,5,7,8,10) 4(4,5,6) 543.81
673. 2(1,3,5,6,7) 4(3,4,5) 543.81
674. 2(5,6,7,10,12) 4(3,4,5) 543.81
675. 2(1,5,6,10) 4(3,4,5,6) 543.6
676. 2(2,5,6,7,9,11) 4(3,5) 543.38
677. 2(2,6,7,8,9,11) 4(3,5) 543.38
678. 2(1,5,6,7,8,9,11) 4(5) 543.3
679. 2(3,5,6,7,8,9,11) 4(5) 543.3
680. 2(1,2,5,6,9,10) 4(4,5) 543.23
681. 2(1,3,4,6,9) 4(4,5,6) 543.21
682. 2(2,3,5,7,9) 4(4,5,6) 543.21
683. 2(1,4,5,7,10) 4(4,5,6) 543.21
684. 2(1,4,6,8,10) 4(4,5,6) 543.21
685. 2(1,5,7,9,10) 4(4,5,6) 543.21
686. 2(2,3,4,6,10) 4(4,5,6) 543.21
687. 2(2,5,7,9,10) 4(4,5,6) 543.21
688. 2(3,4,5,6,10) 4(4,5,6) 543.21
689. 2(5,6,7,10) 4(3,4,5,6) 543.2
690. 2(5,6,8,10) 4(3,4,5,6) 543.2
691. 2(6,7,9,10) 4(2,3,4,5) 543.17
692. 2(6,7,9,12) 4(2,3,4,5) 543.17
693. 2(5,6,7,8,9,10) 4(4,5) 543.11
694. 2(1,3,7,9,11,12) 4(3,5) 543.06
695. 2(1,6,7,9,10,12) 4(3,5) 543.06
696. 2(3,6,7,9,10,12) 4(3,5) 543.06
697. 2(1,7,8,10,11,12) 4(3,5) 543.06
698. 2(1,2,3,6,7,8,9) 4(5) 543.01
699. 2(1,2,3,7,8,9,11) 4(5) 543.01
700. 2(1,5,7,8,9,10,11) 4(5) 543.01
701. 2(2,6,7,8,9,10,12) 4(5) 543.01
702. 2(1,2,3,5,7,10,11) 4(5) 542.99
703. 2(1,2,3,5,7,11,12) 4(5) 542.99
704. 2(1,2,5,7,10,11,12) 4(5) 542.99
705. 2(2,3,5,7,10,11,12) 4(5) 542.99
706. 2(1,2,3,7) 4(3,4,5,6) 542.91
707. 2(1,5,10,11) 4(3,4,5,6) 542.91
708. 2(1,2,5,6,7,10) 4(4,5) 542.83
709. 2(1,4,5,6,8,10) 4(4,5) 542.83
710. 2(1,5,6,7,9,10) 4(4,5) 542.83
711. 2(1,5,6,8,10,11) 4(4,5) 542.83
712. 2(2,4,5,7,9) 4(3,4,5) 542.8
713. 2(2,4,5,7,11) 4(3,4,5) 542.8
714. 2(2,5,7,9,11) 4(3,4,5) 542.8
715. 2(4,5,7,9,11) 4(3,4,5) 542.8
716. 2(3,4,9,10,12) 4(3,4,5) 542.77
717. 2(2,3,10,11,12) 4(3,4,5) 542.77
718. 2(2,3,5,7,8,9,11) 4(5) 542.7
719. 2(2,5,7,8,9,10,11) 4(5) 542.7
720. 2(1,2,4,6,10) 4(3,4,5) 542.55
721. 2(1,6,9,10,11) 4(3,4,5) 542.55
722. 2(1,2,5,7,9) 4(3,4,5) 542.51
723. 2(1,4,6,7,9) 4(3,4,5) 542.51
724. 2(1,2,6,7,11) 4(3,4,5) 542.51
725. 2(1,4,5,7,11) 4(3,4,5) 542.51
726. 2(2,5,7,9,10) 4(3,4,5) 542.51
727. 2(4,6,7,9,10) 4(3,4,5) 542.51
728. 2(2,6,7,10,11) 4(3,4,5) 542.51
729. 2(4,5,7,10,11) 4(3,4,5) 542.51
730. 2(1,3,7,9,11) 4(3,4,5) 542.46
731. 2(2,3,6,9,12) 4(3,4,5) 542.46
732. 2(2,4,7,10,12) 4(3,4,5) 542.46
733. 2(1,2,6,7,11,12) 4(3,5) 542.42
734. 2(1,2,7,8,11,12) 4(3,5) 542.42
735. 2(1,5,7,9,11,12) 4(3,5) 542.42
736. 2(2,3,5,7,11,12) 4(3,5) 542.42
737. 2(2,3,6,7,10,11) 4(3,5) 542.42
738. 2(2,5,7,10,11,12) 4(3,5) 542.42
739. 2(1,3,6,7,8,12) 4(3,5) 542.39
740. 2(3,6,7,8,10,12) 4(3,5) 542.39
741. 2(1,5,6,7,8,9,10) 4(5) 542.34
742. 2(3,5,6,7,8,9,12) 4(5) 542.34
743. 2(1,2,4,7,9) 4(3,4,5) 542.15
744. 2(2,3,4,6,9) 4(3,4,5) 542.15
745. 2(1,4,7,9,11) 4(3,4,5) 542.15
746. 2(3,4,6,9,11) 4(3,4,5) 542.15
747. 2(2,4,6,11,12) 4(3,4,5) 542.15
748. 2(2,4,7,10,11) 4(3,4,5) 542.15
749. 2(2,6,9,11,12) 4(3,4,5) 542.15
750. 2(2,7,9,10,11) 4(3,4,5) 542.15
751. 2(1,4,5,7,9,12) 4(4,5) 542.11
752. 2(1,4,6,8,9,12) 4(4,5) 542.11
753. 2(1,2,5,7,11,12) 4(4,5) 542.11
754. 2(1,2,6,8,11,12) 4(4,5) 542.11
755. 2(2,3,5,7,10,11) 4(4,5) 542.11
756. 2(2,3,6,8,10,11) 4(4,5) 542.11
757. 2(2,3,5,7) 4(3,4,5,6) 541.9
758. 2(3,4,5,7) 4(3,4,5,6) 541.9
759. 2(3,4,6,8) 4(3,4,5,6) 541.9
760. 2(2,6,10,11) 4(3,4,5,6) 541.9
761. 2(1,2,3,5,6,10) 4(4,5) 541.86
762. 2(1,5,6,9,10,12) 4(4,5) 541.86
763. 2(1,2,4,5,6,9) 4(4,5) 541.86
764. 2(2,5,6,9,10,11) 4(4,5) 541.86
765. 2(1,7,8,10,12) 4(3,4,5) 541.79
766. 2(1,2,6,7,9,11) 4(4,5) 541.77
767. 2(1,3,6,7,9,10) 4(4,5) 541.77
768. 2(2,4,6,7,9,10) 4(4,5) 541.77
769. 2(3,4,5,6,9,11) 4(4,5) 541.77
770. 2(1,2,6,7,10,12) 4(4,5) 541.77
771. 2(1,3,5,6,11,12) 4(4,5) 541.77
772. 2(2,4,5,6,11,12) 4(4,5) 541.77
773. 2(3,4,5,6,10,12) 4(4,5) 541.77
774. 2(4,5,6,7,8,9) 4(4,5) 541.75
775. 2(2,5,6,7,8,11) 4(4,5) 541.75
776. 2(4,6,7) 4(2,3,4,5,6) 541.57
777. 2(1,6,7,12) 4(3,4,5,6) 541.54
778. 2(3,6,7,10) 4(3,4,5,6) 541.54
779. 2(1,4,11,12) 4(3,4,5,6) 541.54
780. 2(3,4,10,11) 4(3,4,5,6) 541.54
781. 2(1,2,5,6,7,8,11) 4(5) 541.33
782. 2(2,3,5,6,7,8,11) 4(5) 541.33
783. 2(2,5,6,7,8,10,11) 4(5) 541.33
784. 2(2,5,6,7,8,11,12) 4(5) 541.33
785. 2(5,7,10,11) 4(2,3,4,5) 541.21
786. 2(5,7,11,12) 4(2,3,4,5) 541.21
787. 2(1,3,11,12) 4(3,4,5,6) 541.17
788. 2(1,7,10,12) 4(3,4,5,6) 541.17
789. 2(3,4,10,12) 4(3,4,5,6) 541.17
790. 2(3,6,10,12) 4(3,4,5,6) 541.17
791. 2(1,3,4,5,6,9) 4(4,5) 541.17
792. 2(1,2,3,5,6,11) 4(4,5) 541.17
793. 2(1,2,4,5,6,12) 4(4,5) 541.17
794. 2(1,2,4,5,7,10) 4(4,5) 541.17
795. 2(1,2,4,6,8,10) 4(4,5) 541.17
796. 2(2,3,4,5,6,10) 4(4,5) 541.17
797. 2(1,5,6,9,11,12) 4(4,5) 541.17
798. 2(1,5,7,9,10,11) 4(4,5) 541.17
799. 2(1,6,8,9,10,11) 4(4,5) 541.17
800. 2(3,5,6,9,10,11) 4(4,5) 541.17
801. 2(4,5,6,9,10,12) 4(4,5) 541.17
802. 2(2,5,6,10,11,12) 4(4,5) 541.17
803. 2(4,5,6,7,8) 4(3,4,5) 541.14
804. 2(5,6,7,8,11) 4(3,4,5) 541.14
805. 2(2,4,9,11,12) 4(3,4,5) 541.11
806. 2(1,2,3,7,11,12) 4(3,5) 541.09
807. 2(1,5,7,10,11,12) 4(3,5) 541.09
808. 2(2,3,7,10,11,12) 4(3,5) 541.09
809. 2(3,5,7,10,11,12) 4(3,5) 541.09
810. 2(1,2,3,5,7,8,11) 4(5) 541.04
811. 2(1,2,5,7,9,10,11) 4(5) 541.04
812. 2(1,2,7,8,9,11,12) 4(5) 541.04
813. 2(1,5,7,8,9,11,12) 4(5) 541.04
814. 2(2,3,5,7,9,11,12) 4(5) 541.04
815. 2(2,3,7,8,9,10,11) 4(5) 541.04
816. 2(3,5,7,8,9,10,11) 4(5) 541.04
817. 2(2,5,7,8,10,11,12) 4(5) 541.04
818. 2(2,4,5,6,7) 4(3,4,5) 540.85
819. 2(5,6,7,9,11) 4(3,4,5) 540.85
820. 2(1,2,4,6,10,12) 4(4,5) 540.8
821. 2(1,3,4,5,10,11) 4(4,5) 540.8
822. 2(1,3,6,9,10,11) 4(4,5) 540.8
823. 2(1,4,5,10,11,12) 4(4,5) 540.8
824. 2(1,2,3,6,7,8,10) 4(5) 540.68
825. 2(1,3,6,7,8,9,12) 4(5) 540.68
826. 2(1,2,3,7,9,11,12) 4(5) 540.68
827. 2(1,3,5,7,8,11,12) 4(5) 540.68
828. 2(1,6,7,8,9,10,12) 4(5) 540.68
829. 2(2,3,6,7,8,10,12) 4(5) 540.68
830. 2(1,2,7,9,10,11,12) 4(5) 540.68
831. 2(1,5,7,8,10,11,12) 4(5) 540.68
832. 2(1,2,7,9,12) 4(3,4,5) 540.49
833. 2(2,3,7,9,10) 4(3,4,5) 540.49
834. 2(3,4,6,9,12) 4(3,4,5) 540.49
835. 2(2,3,6,11,12) 4(3,4,5) 540.49
836. 2(1,3,6,7,9,10,12) 4(5) 540.31
837. 2(1,3,4,5,6) 4(4,5,6) 540.3
838. 2(1,2,4,6,10) 4(4,5,6) 540.3
839. 2(1,3,4,6,7,8,9,11)  540.23
840. 2(1,4,6,7,8,9,10,11)  540.23
841. 2(1,3,4,6,10) 4(3,4,5) 540.22
842. 2(1,6,10,11,12) 4(3,4,5) 540.22
843. 2(1,3,6,7,9) 4(4,5,6) 540.2
844. 2(2,3,6,7,9) 4(4,5,6) 540.2
845. 2(1,4,7,8,10) 4(4,5,6) 540.2
846. 2(1,7,8,9,10) 4(4,5,6) 540.2
847. 2(2,4,7,8,10) 4(4,5,6) 540.2
848. 2(2,6,7,9,10) 4(4,5,6) 540.2
849. 2(1,2,4,6,9,11) 4(4,5) 540.13
850. 2(2,4,6,9,10,11) 4(4,5) 540.13
851. 2(1,3,5,6,7,11) 4(3,5) 540.11
852. 2(1,3,6,7,8,11) 4(3,5) 540.11
853. 2(1,6,7,8,10,11) 4(3,5) 540.11
854. 2(3,5,6,7,11,12) 4(3,5) 540.11
855. 2(3,7,11) 4(2,3,4,5,6) 539.91
856. 2(4,7,12) 4(2,3,4,5,6) 539.91
857. 2(1,9,10,11,12) 4(3,4,5) 539.86
858. 2(1,3,5,7,12) 4(3,4,5) 539.82
859. 2(3,5,7,10,12) 4(3,4,5) 539.82
860. 2(1,4,5,7,9,11) 4(4,5) 539.8
861. 2(1,4,6,8,9,11) 4(4,5) 539.8
862. 2(2,3,5,7,9,11) 4(4,5) 539.8
863. 2(2,3,6,8,9,11) 4(4,5) 539.8
864. 2(2,4,5,7,9,12) 4(4,5) 539.8
865. 2(2,4,6,8,9,12) 4(4,5) 539.8
866. 2(2,4,5,7,10,11) 4(4,5) 539.8
867. 2(2,4,6,8,10,11) 4(4,5) 539.8
868. 2(1,2,3,4,9,11) 4(4,5) 539.76
869. 2(2,4,9,10,11,12) 4(4,5) 539.76
870. 2(1,3,6,7,8,10,12) 4(5) 539.64
871. 2(1,4,5,6,11) 4(3,4,5) 539.6
872. 2(4,5,6,10,11) 4(3,4,5) 539.6
873. 2(4,5,6,7,8,9,10,11)  539.56
874. 2(4,5,6,7,8,9,11,12)  539.56
875. 2(5,6,7,11) 4(2,3,4,5) 539.55
876. 2(6,7,8,11) 4(2,3,4,5) 539.55
877. 2(4,10,11) 4(2,3,4,5,6) 539.55
878. 2(4,11,12) 4(2,3,4,5,6) 539.55
879. 2(2,4,6,7,9) 4(4,5,6) 539.53
880. 2(2,6,7,8,9) 4(4,5,6) 539.53
881. 2(1,3,7,8,10) 4(4,5,6) 539.53
882. 2(1,6,7,8,10) 4(4,5,6) 539.53
883. 2(2,3,6,7,9) 4(3,4,5) 539.51
884. 2(1,7,8,9,11) 4(3,4,5) 539.51
885. 2(2,6,7,9,12) 4(3,4,5) 539.51
886. 2(2,3,5,6,7) 4(3,4,5) 539.2
887. 2(5,6,7,9,12) 4(3,4,5) 539.2
888. 2(1,2,6,7,8) 4(3,4,5) 539.2
889. 2(1,6,7,8,11) 4(3,4,5) 539.2
890. 2(3,5,6,7,11) 4(3,4,5) 539.2
891. 2(4,5,6,7,12) 4(3,4,5) 539.2
892. 2(4,6,7,8,10) 4(3,4,5) 539.2
893. 2(6,7,8,9,10) 4(3,4,5) 539.2
894. 2(4,5,6,7,8,11) 4(3,5) 539.1
895. 2(5,6,7,8,9,11) 4(3,5) 539.1
896. 2(1,4,6,7) 4(3,4,5,6) 538.99
897. 2(1,4,6,11) 4(3,4,5,6) 538.99
898. 2(3,6,7,9) 4(3,4,5,6) 538.9
899. 2(1,7,8,11) 4(3,4,5,6) 538.9
900. 2(1,7,9,11) 4(3,4,5,6) 538.9
901. 2(2,6,7,12) 4(3,4,5,6) 538.9
902. 2(2,7,8,10) 4(3,4,5,6) 538.9
903. 2(4,7,8,10) 4(3,4,5,6) 538.9
904. 2(4,5,11,12) 4(3,4,5,6) 538.9
905. 2(4,8,10,11) 4(3,4,5,6) 538.9
906. 2(3,6,7,12) 4(2,3,4,5) 538.89
907. 2(6,7,9,11) 4(2,3,4,5) 538.89
908. 2(6,7,10,12) 4(2,3,4,5) 538.89
909. 2(3,5,6,7,8) 4(4,5,6) 538.85
910. 2(4,5,6,7,8) 4(4,5,6) 538.85
911. 2(5,6,7,8,9) 4(4,5,6) 538.85
912. 2(5,6,7,8,10) 4(4,5,6) 538.85
913. 2(1,3,4,6,9,10) 4(4,5) 538.84
914. 2(1,2,3,6,10,11) 4(4,5) 538.84
915. 2(1,4,6,9,10,12) 4(4,5) 538.84
916. 2(1,2,6,10,11,12) 4(4,5) 538.84
917. 2(3,5,6,7,12) 4(3,4,5) 538.83
918. 2(1,4,5,6,10) 4(3,4,5) 538.64
919. 2(1,5,6,10,11) 4(3,4,5) 538.64
920. 2(4,6,7,9) 4(3,4,5,6) 538.59
921. 2(2,6,7,11) 4(3,4,5,6) 538.59
922. 2(4,5,7,11) 4(3,4,5,6) 538.59
923. 2(4,6,8,11) 4(3,4,5,6) 538.59
924. 2(1,4,7,9,12) 4(3,4,5) 538.52
925. 2(3,4,7,9,10) 4(3,4,5) 538.52
926. 2(1,2,7,11,12) 4(3,4,5) 538.52
927. 2(2,3,7,10,11) 4(3,4,5) 538.52
928. 2(1,2,3,7,10,11,12) 4(5) 538.35
929. 2(1,3,5,7,10,11,12) 4(5) 538.35
930. 2(1,4,6,7,8,9,11,12)  538.26
931. 2(3,4,6,7,8,9,10,11)  538.26
932. 2(1,4,7,8,9) 4(4,5,6) 538.24
933. 2(1,2,6,7,12) 4(4,5,6) 538.24
934. 2(1,2,7,8,11) 4(4,5,6) 538.24
935. 2(1,3,5,7,11) 4(4,5,6) 538.24
936. 2(1,4,7,9,10) 4(4,5,6) 538.24
937. 2(2,3,6,7,10) 4(4,5,6) 538.24
938. 2(2,3,7,9,10) 4(4,5,6) 538.24
939. 2(1,2,7,10,11) 4(4,5,6) 538.24
940. 2(5,6,7,12) 4(3,4,5,6) 538.22
941. 2(5,6,8,12) 4(3,4,5,6) 538.22
942. 2(5,7,8,10) 4(3,4,5,6) 538.22
943. 2(6,7,8,10) 4(3,4,5,6) 538.22
944. 2(1,2,3,6,7,9) 4(4,5) 538.16
945. 2(2,3,4,5,6,12) 4(4,5) 538.16
946. 2(2,6,7,9,10,12) 4(4,5) 538.16
947. 2(3,5,6,9,11,12) 4(4,5) 538.16
948. 2(2,4,7,9,11) 4(3,4,5) 538.16
949. 2(1,5,6,7,8,11) 4(4,5) 538.14
950. 2(4,5,6,7,8,10) 4(4,5) 538.14
951. 2(1,5,6,7,11,12) 4(3,5) 538.14
952. 2(1,6,7,8,11,12) 4(3,5) 538.14
953. 2(3,5,6,7,10,11) 4(3,5) 538.14
954. 2(3,6,7,8,10,11) 4(3,5) 538.14
955. 2(1,2,3,5,7,8,9) 4(5) 538.13
956. 2(2,5,7,8,9,10,12) 4(5) 538.13
957. 2(1,2,3,6,7,9,11) 4(5) 538.04
958. 2(1,3,5,6,7,9,11) 4(5) 538.04
959. 2(1,3,6,7,8,9,11) 4(5) 538.04
960. 2(1,3,7,11) 4(3,4,5,6) 537.93
961. 2(3,4,6,12) 4(3,4,5,6) 537.93
962. 2(1,7,10,11) 4(3,4,5,6) 537.93
963. 2(4,6,10,12) 4(3,4,5,6) 537.93
964. 2(1,5,6,7,9,11) 4(4,5) 537.85
965. 2(2,4,5,6,7,10) 4(4,5) 537.85
966. 2(1,4,5,6,8,11) 4(4,5) 537.85
967. 2(4,5,6,8,10,11) 4(4,5) 537.85
968. 2(1,2,5,6,7,9,11) 4(5) 537.72
969. 2(2,3,6,7,8,9,11) 4(5) 537.72
970. 2(2,5,6,7,9,11,12) 4(5) 537.72
971. 2(2,6,7,8,9,10,11) 4(5) 537.72
972. 2(1,4,7,10,11) 4(3,4,5) 537.58
973. 2(4,5,6,7,9) 4(4,5,6) 537.56
974. 2(4,5,7,8,9) 4(4,5,6) 537.56
975. 2(1,5,6,7,12) 4(4,5,6) 537.56
976. 2(2,4,5,7,11) 4(4,5,6) 537.56
977. 2(2,5,6,7,11) 4(4,5,6) 537.56
978. 2(2,5,7,8,11) 4(4,5,6) 537.56
979. 2(3,5,6,7,10) 4(4,5,6) 537.56
980. 2(3,5,7,8,10) 4(4,5,6) 537.56
981. 2(2,4,5,7,12) 4(3,4,5) 537.54
982. 2(3,5,7,9,11) 4(3,4,5) 537.54
983. 2(4,7,8,9,10) 4(3,4,5) 537.54
984. 2(2,7,8,10,11) 4(3,4,5) 537.54
985. 2(1,3,5,6,7,8,11) 4(5) 537.36
986. 2(1,2,4,6,11) 4(3,4,5) 537.27
987. 2(4,6,9,10,11) 4(3,4,5) 537.27
988. 2(1,3,5,6,7,10) 4(4,5) 537.18
989. 2(1,5,6,7,10,12) 4(4,5) 537.18
990. 2(2,3,5,8,9,10,12) 4(5) 537.16
991. 2(1,5,6,7,9,11) 4(3,5) 537.15
992. 2(2,6,7,9,10,11) 4(3,5) 537.15
993. 2(2,6,7,9,11,12) 4(3,5) 537.15
994. 2(3,6,7,8,9,11) 4(3,5) 537.15
995. 2(2,5,7,12) 4(3,4,5,6) 536.93
996. 2(3,5,7,11) 4(3,4,5,6) 536.93
997. 2(3,6,8,11) 4(3,4,5,6) 536.93
998. 2(4,5,7,12) 4(3,4,5,6) 536.93
999. 2(4,6,8,12) 4(3,4,5,6) 536.93
1000. 2(4,7,9,10) 4(3,4,5,6) 536.93
1001. 2(2,6,11,12) 4(3,4,5,6) 536.93
1002. 2(2,7,10,11) 4(3,4,5,6) 536.93
1003. 2(1,4,5,6,9,11) 4(4,5) 536.89
1004. 2(1,3,5,6,10,11) 4(4,5) 536.89
1005. 2(1,4,5,6,10,12) 4(4,5) 536.89
1006. 2(2,4,5,6,10,11) 4(4,5) 536.89
1007. 2(1,6,7,8,12) 4(3,4,5) 536.86
1008. 2(3,6,7,8,10) 4(3,4,5) 536.86
1009. 2(6,7,10) 4(2,3,4,5,6) 536.59
1010. 2(6,7,12) 4(2,3,4,5,6) 536.59
1011. 2(5,6,7,8,10,11) 4(3,5) 536.48
1012. 2(5,6,7,8,11,12) 4(3,5) 536.48
1013. 2(1,4,5,6,9,10) 4(4,5) 536.29
1014. 2(1,2,5,6,10,11) 4(4,5) 536.29
1015. 2(1,2,4,7) 4(2,3,4,5) 536.27
1016. 2(1,4,7,11) 4(2,3,4,5) 536.27
1017. 2(4,7,10,11) 4(2,3,4,5) 536.27
1018. 2(7,9,10,11) 4(2,3,4,5) 536.27
1019. 2(3,4,5,7,9) 4(4,5,6) 536.27
1020. 2(3,4,6,8,9) 4(4,5,6) 536.27
1021. 2(2,3,5,7,11) 4(4,5,6) 536.27
1022. 2(3,4,5,7,10) 4(4,5,6) 536.27
1023. 2(3,5,7,9,10) 4(4,5,6) 536.27
1024. 2(4,5,7,9,10) 4(4,5,6) 536.27
1025. 2(4,6,8,9,10) 4(4,5,6) 536.27
1026. 2(2,5,7,10,11) 4(4,5,6) 536.27
1027. 2(1,2,6,7,8,10,11) 4(5) 536.07
1028. 2(1,2,6,7,9,11,12) 4(5) 536.07
1029. 2(2,3,5,6,7,11,12) 4(5) 536.07
1030. 2(2,3,6,7,9,10,11) 4(5) 536.07
1031. 2(1,4,7,12) 4(3,4,5,6) 535.96
1032. 2(3,4,7,10) 4(3,4,5,6) 535.96
1033. 2(1,6,11,12) 4(3,4,5,6) 535.96
1034. 2(3,6,10,11) 4(3,4,5,6) 535.96
1035. 2(3,4,5,6,7,8,11,12)  535.95
1036. 2(4,5,6,7,8,10,11,12)  535.95
1037. 2(1,5,9,10,11,12) 4(4,5) 535.92
1038. 2(2,5,9,10,11,12) 4(4,5) 535.92
1039. 2(1,4,5,6,7,9) 4(4,5) 535.88
1040. 2(1,2,5,6,7,11) 4(4,5) 535.88
1041. 2(4,5,6,7,9,10) 4(4,5) 535.88
1042. 2(2,5,6,7,10,11) 4(4,5) 535.88
1043. 2(2,6,7,8,9) 4(3,4,5) 535.88
1044. 2(1,2,3,7,9,11) 4(4,5) 535.83
1045. 2(1,3,6,9,11,12) 4(4,5) 535.83
1046. 2(2,3,4,6,10,12) 4(4,5) 535.83
1047. 2(2,4,7,9,10,12) 4(4,5) 535.83
1048. 2(2,3,4,6,9,12) 4(4,5) 535.83
1049. 2(2,3,4,5,11,12) 4(4,5) 535.83
1050. 2(2,3,6,9,11,12) 4(4,5) 535.83
1051. 2(3,4,5,9,11,12) 4(4,5) 535.83
1052. 2(1,2,3,5,7,8,12) 4(5) 535.8
1053. 2(3,5,7,8,9,10,12) 4(5) 535.8
1054. 2(4,7,11) 4(2,3,4,5,6) 535.63
1055. 2(3,7,12) 4(2,3,4,5,6) 535.63
1056. 2(1,4,6,11,12) 4(3,4,5) 535.61
1057. 2(3,4,6,10,11) 4(3,4,5) 535.61
1058. 2(3,4,5,7,9) 4(3,4,5) 535.57
1059. 2(2,3,5,7,11) 4(3,4,5) 535.57
1060. 2(4,5,7,9,12) 4(3,4,5) 535.57
1061. 2(2,5,7,11,12) 4(3,4,5) 535.57
1062. 2(1,5,6,7,8,11,12) 4(5) 535.39
1063. 2(3,5,6,7,8,10,11) 4(5) 535.39
1064. 2(1,2,3,6,7) 4(4,5,6) 535.32
1065. 2(1,2,4,7,8) 4(4,5,6) 535.32
1066. 2(1,3,4,6,12) 4(3,4,5) 535.25
1067. 2(3,6,10,11,12) 4(3,4,5) 535.25
1068. 2(1,3,4,7,10) 4(3,4,5) 535.25
1069. 2(1,7,10,11,12) 4(3,4,5) 535.25
1070. 2(5,6,7,8,12) 4(3,4,5) 535.2
1071. 2(1,2,5,6,7,11) 4(3,5) 535.19
1072. 2(2,5,6,7,10,11) 4(3,5) 535.19
1073. 2(2,3,6,7,8,11) 4(3,5) 535.19
1074. 2(2,6,7,8,11,12) 4(3,5) 535.19
1075. 2(1,2,4,7,9,11) 4(4,5) 535.15
1076. 2(2,3,4,6,9,11) 4(4,5) 535.15
1077. 2(2,4,6,9,11,12) 4(4,5) 535.15
1078. 2(2,4,7,9,10,11) 4(4,5) 535.15
1079. 2(7,9,10) 4(2,3,4,5,6) 534.94
1080. 2(1,3,4,11,12) 4(3,4,5) 534.88
1081. 2(3,4,10,11,12) 4(3,4,5) 534.88
1082. 2(2,5,7,8,9) 4(4,5,6) 534.65
1083. 2(1,5,6,7,10) 4(4,5,6) 534.65
1084. 2(5,6,9,11,12) 4(3,4,5) 534.62
1085. 2(1,2,3,6,7,11) 4(3,5) 534.53
1086. 2(1,2,6,7,10,11) 4(3,5) 534.53
1087. 2(1,6,7,9,11,12) 4(3,5) 534.53
1088. 2(1,7,8,9,11,12) 4(3,5) 534.53
1089. 2(2,3,6,7,11,12) 4(3,5) 534.53
1090. 2(3,5,7,9,11,12) 4(3,5) 534.53
1091. 2(3,6,7,9,10,11) 4(3,5) 534.53
1092. 2(3,7,8,9,10,11) 4(3,5) 534.53
1093. 2(2,6,7,10,11,12) 4(3,5) 534.53
1094. 2(2,7,8,10,11,12) 4(3,5) 534.53
1095. 2(1,4,5,6,7) 4(3,4,5) 534.31
1096. 2(5,6,7,10,11) 4(3,4,5) 534.31
1097. 2(2,5,7,8) 4(3,4,5,6) 534.3
1098. 2(4,6,7,8) 4(3,4,5,6) 534.3
1099. 2(2,4,7,11) 4(3,4,5,6) 534.3
1100. 2(5,6,7,11) 4(3,4,5,6) 534.3
1101. 2(1,5,7,9,11,12) 4(4,5) 534.22
1102. 2(1,6,8,9,11,12) 4(4,5) 534.22
1103. 2(3,5,7,9,10,11) 4(4,5) 534.22
1104. 2(3,6,8,9,10,11) 4(4,5) 534.22
1105. 2(4,5,7,9,10,12) 4(4,5) 534.22
1106. 2(4,6,8,9,10,12) 4(4,5) 534.22
1107. 2(2,5,7,10,11,12) 4(4,5) 534.22
1108. 2(2,6,8,10,11,12) 4(4,5) 534.22
1109. 2(1,2,3,4,10,11) 4(4,5) 534.19
1110. 2(1,4,9,10,11,12) 4(4,5) 534.19
1111. 2(1,2,5,6,7,11,12) 4(5) 534.1
1112. 2(1,2,6,7,8,11,12) 4(5) 534.1
1113. 2(2,3,5,6,7,10,11) 4(5) 534.1
1114. 2(2,3,6,7,8,10,11) 4(5) 534.1
1115. 2(1,4,7,11) 4(3,4,5,6) 534.01
1116. 2(1,6,7,11) 4(3,4,5,6) 534.01
1117. 2(3,4,6,11) 4(3,4,5,6) 534.01
1118. 2(4,6,7,10) 4(3,4,5,6) 534.01
1119. 2(4,6,7,8,9) 4(3,4,5) 533.91
1120. 2(2,6,7,8,11) 4(3,4,5) 533.91
1121. 2(1,2,4,7,9,12) 4(4,5) 533.86
1122. 2(1,3,4,6,9,12) 4(4,5) 533.86
1123. 2(1,2,3,6,11,12) 4(4,5) 533.86
1124. 2(1,2,7,9,11,12) 4(4,5) 533.86
1125. 2(2,3,7,9,10,11) 4(4,5) 533.86
1126. 2(3,4,6,9,10,12) 4(4,5) 533.86
1127. 2(1,2,7,10,11,12) 4(4,5) 533.86
1128. 2(2,3,6,10,11,12) 4(4,5) 533.86
1129. 2(2,4,5,6,7,8) 4(4,5) 533.86
1130. 2(5,6,7,8,9,11) 4(4,5) 533.86
1131. 2(4,5,6,7,8,9,11) 4(5) 533.73
1132. 2(1,3,4,5,6) 4(3,4,5) 533.66
1133. 2(1,4,6,7,10) 4(3,4,5) 533.66
1134. 2(1,6,7,10,11) 4(3,4,5) 533.66
1135. 2(5,6,10,11,12) 4(3,4,5) 533.66
1136. 2(1,3,7,8) 4(3,4,5,6) 533.65
1137. 2(5,6,10,12) 4(3,4,5,6) 533.65
1138. 2(4,6,7,8,9,11) 4(3,5) 533.53
1139. 2(1,3,4,5,7) 4(4,5,6) 533.35
1140. 2(1,3,4,6,8) 4(4,5,6) 533.35
1141. 2(2,3,4,5,7) 4(4,5,6) 533.35
1142. 2(2,3,4,6,8) 4(4,5,6) 533.35
1143. 2(1,6,7,11) 4(2,3,4,5) 533.32
1144. 2(3,6,7,11) 4(2,3,4,5) 533.32
1145. 2(1,7,9,10,11,12) 4(3,5) 533.2
1146. 2(1,3,6,7,10,11) 4(3,5) 533.2
1147. 2(1,3,6,7,11,12) 4(3,5) 533.2
1148. 2(1,3,7,8,11,12) 4(3,5) 533.2
1149. 2(2,3,6,7,8,9,12) 4(5) 533.15
1150. 2(1,3,4,7) 4(3,4,5,6) 533.05
1151. 2(1,6,10,11) 4(3,4,5,6) 533.05
1152. 2(1,2,4,5,6,8) 4(4,5) 532.97
1153. 2(5,6,8,9,10,11) 4(4,5) 532.97
1154. 2(2,7,10,12) 4(3,4,5,6) 532.96
1155. 2(3,5,11,12) 4(3,4,5,6) 532.96
1156. 2(1,6,7,8,9,11) 4(4,5) 532.88
1157. 2(2,4,5,6,7,12) 4(4,5) 532.88
1158. 2(2,4,6,7,8,10) 4(4,5) 532.88
1159. 2(3,4,5,6,8,11) 4(4,5) 532.88
1160. 2(3,5,6,7,9,11) 4(4,5) 532.88
1161. 2(4,5,6,8,11,12) 4(4,5) 532.88
1162. 2(2,3,5,6,7,12) 4(4,5) 532.88
1163. 2(3,5,6,7,9,12) 4(4,5) 532.88
1164. 2(2,5,7,8,9,11,12) 4(5) 532.84
1165. 2(1,4,6,10,11) 4(3,4,5) 532.7
1166. 2(1,2,4,5,7) 4(3,4,5) 532.66
1167. 2(5,7,9,10,11) 4(3,4,5) 532.66
1168. 2(1,2,3,7,9) 4(3,4,5) 532.6
1169. 2(2,3,4,6,12) 4(3,4,5) 532.6
1170. 2(2,7,9,10,12) 4(3,4,5) 532.6
1171. 2(3,6,9,11,12) 4(3,4,5) 532.6
1172. 2(5,6,7,8,9,10,12) 4(5) 532.48
1173. 2(1,2,4,7,11) 4(3,4,5) 532.29
1174. 2(2,3,4,6,11) 4(3,4,5) 532.29
1175. 2(4,6,9,11,12) 4(3,4,5) 532.29
1176. 2(4,7,9,10,11) 4(3,4,5) 532.29
1177. 2(2,4,6,7,8,9) 4(4,5) 532.2
1178. 2(1,3,5,6,7,12) 4(4,5) 532.2
1179. 2(2,6,7,8,9,11) 4(4,5) 532.2
1180. 2(3,5,6,7,10,12) 4(4,5) 532.2
1181. 2(1,2,3,7,8,9,12) 4(5) 532.19
1182. 2(2,3,7,8,9,10,12) 4(5) 532.19
1183. 2(1,3,6,7,12) 4(3,4,5) 531.93
1184. 2(3,6,7,10,12) 4(3,4,5) 531.93
1185. 2(1,2,4,6,7,9) 4(4,5) 531.91
1186. 2(1,2,3,6,7,10) 4(4,5) 531.91
1187. 2(1,3,4,5,6,12) 4(4,5) 531.91
1188. 2(2,3,4,5,6,11) 4(4,5) 531.91
1189. 2(1,6,7,9,10,12) 4(4,5) 531.91
1190. 2(2,6,7,9,10,11) 4(4,5) 531.91
1191. 2(4,5,6,9,11,12) 4(4,5) 531.91
1192. 2(3,5,6,10,11,12) 4(4,5) 531.91
1193. 2(1,3,7,12) 4(3,4,5,6) 531.32
1194. 2(1,10,11,12) 4(3,4,5,6) 531.32
1195. 2(2,3,5,7,8,11,12) 4(5) 531.19
1196. 2(2,5,7,9,10,11,12) 4(5) 531.19
1197. 2(4,5,6,7,11) 4(3,4,5) 531.0
1198. 2(1,7,9,12) 4(3,4,5,6) 530.99
1199. 2(3,7,9,10) 4(3,4,5,6) 530.99
1200. 2(1,8,11,12) 4(3,4,5,6) 530.99
1201. 2(3,8,10,11) 4(3,4,5,6) 530.99
1202. 2(1,2,3,4,11) 4(3,4,5) 530.96
1203. 2(4,9,10,11,12) 4(3,4,5) 530.96
1204. 2(1,2,3,4,6,9) 4(4,5) 530.95
1205. 2(1,2,3,4,5,11) 4(4,5) 530.95
1206. 2(2,6,9,10,11,12) 4(4,5) 530.95
1207. 2(4,5,9,10,11,12) 4(4,5) 530.95
1208. 2(1,4,6,7,8,9) 4(4,5) 530.91
1209. 2(3,4,5,6,7,9) 4(4,5) 530.91
1210. 2(1,2,6,7,8,11) 4(4,5) 530.91
1211. 2(2,3,5,6,7,11) 4(4,5) 530.91
1212. 2(4,5,6,7,9,12) 4(4,5) 530.91
1213. 2(4,6,7,8,9,10) 4(4,5) 530.91
1214. 2(2,5,6,7,11,12) 4(4,5) 530.91
1215. 2(2,6,7,8,10,11) 4(4,5) 530.91
1216. 2(2,3,7,9,10,11,12) 4(5) 530.82
1217. 2(3,5,7,8,10,11,12) 4(5) 530.82
1218. 2(1,2,3,6,7,8,12) 4(5) 530.82
1219. 2(3,6,7,8,9,10,12) 4(5) 530.82
1220. 2(2,4,7,8) 4(3,4,5,6) 530.7
1221. 2(7,9,11) 4(2,3,4,5,6) 530.65
1222. 2(7,10,12) 4(2,3,4,5,6) 530.65
1223. 2(1,3,4,7,9) 4(3,4,5) 530.64
1224. 2(1,2,3,7,11) 4(3,4,5) 530.64
1225. 2(1,2,4,7,12) 4(3,4,5) 530.64
1226. 2(2,3,4,7,10) 4(3,4,5) 530.64
1227. 2(1,7,9,11,12) 4(3,4,5) 530.64
1228. 2(3,7,9,10,11) 4(3,4,5) 530.64
1229. 2(4,7,9,10,12) 4(3,4,5) 530.64
1230. 2(2,7,10,11,12) 4(3,4,5) 530.64
1231. 2(1,3,7,8,10,11,12) 4(5) 530.46
1232. 2(1,3,7,9,10,11,12) 4(5) 530.46
1233. 2(1,4,5,6,10) 4(4,5,6) 530.44
1234. 2(1,2,3,4,6) 4(4,5,6) 530.44
1235. 2(1,3,4,6,7,8,10,11)  530.38
1236. 2(1,4,6,7,8,10,11,12)  530.38
1237. 2(1,3,7,8,9) 4(4,5,6) 530.35
1238. 2(1,6,7,9,10) 4(4,5,6) 530.35
1239. 2(2,4,6,7,10) 4(4,5,6) 530.35
1240. 2(2,7,8,9,10) 4(4,5,6) 530.35
1241. 2(1,3,7,9,12) 4(3,4,5) 530.27
1242. 2(2,3,7,10,12) 4(3,4,5) 530.27
1243. 2(1,2,3,6,7,8) 4(3,5) 530.25
1244. 2(2,3,6,7,8,12) 4(3,5) 530.25
1245. 2(3,6,7,8,9,12) 4(3,5) 530.25
1246. 2(6,7,8,9,10,12) 4(3,5) 530.25
1247. 2(1,2,4,5,7,11) 4(4,5) 529.94
1248. 2(1,2,4,6,8,11) 4(4,5) 529.94
1249. 2(2,5,7,9,11,12) 4(4,5) 529.94
1250. 2(2,6,8,9,11,12) 4(4,5) 529.94
1251. 2(4,5,7,9,10,11) 4(4,5) 529.94
1252. 2(4,6,8,9,10,11) 4(4,5) 529.94
1253. 2(1,5,7,10,11,12) 4(4,5) 529.94
1254. 2(1,6,8,10,11,12) 4(4,5) 529.94
1255. 2(5,6,9,10,11) 4(3,4,5) 529.74
1256. 2(1,3,6,7,8) 4(4,5,6) 529.67
1257. 2(2,4,6,7,8) 4(4,5,6) 529.67
1258. 2(2,4,7,8,9) 4(4,5,6) 529.67
1259. 2(1,3,6,7,10) 4(4,5,6) 529.67
1260. 2(1,4,7,8,11) 4(3,4,5) 529.65
1261. 2(2,4,6,7,12) 4(3,4,5) 529.65
1262. 2(3,6,7,9,11) 4(3,4,5) 529.65
1263. 2(4,7,8,10,11) 4(3,4,5) 529.65
1264. 2(1,4,6,7,8) 4(3,4,5) 529.34
1265. 2(3,4,5,6,7) 4(3,4,5) 529.34
1266. 2(5,6,7,11,12) 4(3,4,5) 529.34
1267. 2(6,7,8,10,11) 4(3,4,5) 529.34
1268. 2(6,7,8,9) 4(3,4,5,6) 529.33
1269. 2(5,7,8,11) 4(3,4,5,6) 529.33
1270. 2(1,3,4,9,11,12) 4(4,5) 529.21
1271. 2(2,3,4,10,11,12) 4(4,5) 529.21
1272. 2(1,4,5,6,7) 4(4,5,6) 529.07
1273. 2(2,3,5,7,8) 4(4,5,6) 529.07
1274. 2(1,3,4,6,10) 4(4,5,6) 529.07
1275. 2(2,4,7,12) 4(3,4,5,6) 529.04
1276. 2(3,4,8,11) 4(3,4,5,6) 529.04
1277. 2(6,7,9,10) 4(3,4,5,6) 529.04
1278. 2(5,6,11,12) 4(3,4,5,6) 529.04
1279. 2(1,3,6,7,8) 4(3,4,5) 528.98
1280. 2(6,7,8,10,12) 4(3,4,5) 528.98
1281. 2(1,2,3,6,7) 4(3,4,5) 528.69
1282. 2(1,3,6,7,11) 4(3,4,5) 528.69
1283. 2(4,6,7,10,12) 4(3,4,5) 528.69
1284. 2(6,7,9,10,12) 4(3,4,5) 528.69
1285. 2(1,2,4,5,6,10) 4(4,5) 528.4
1286. 2(1,5,6,9,10,11) 4(4,5) 528.4
1287. 2(1,3,4,7,9) 4(4,5,6) 528.38
1288. 2(1,4,6,7,9) 4(4,5,6) 528.38
1289. 2(1,2,3,7,11) 4(4,5,6) 528.38
1290. 2(1,2,6,7,11) 4(4,5,6) 528.38
1291. 2(1,4,5,7,11) 4(4,5,6) 528.38
1292. 2(2,3,4,7,10) 4(4,5,6) 528.38
1293. 2(2,3,7,8,10) 4(4,5,6) 528.38
1294. 2(1,5,7,10,11) 4(4,5,6) 528.38
1295. 2(3,5,7,8) 4(3,4,5,6) 528.36
1296. 2(3,6,7,8) 4(3,4,5,6) 528.36
1297. 2(1,4,5,6,7,8) 4(4,5) 528.28
1298. 2(5,6,7,8,10,11) 4(4,5) 528.28
1299. 2(2,3,5,7,8,9,12) 4(5) 528.27
1300. 2(1,2,6,7,9,10,11) 4(5) 528.18
1301. 2(1,6,7,8,9,10,11) 4(5) 528.18
1302. 2(2,3,6,7,9,11,12) 4(5) 528.18
1303. 2(3,5,6,7,9,11,12) 4(5) 528.18
1304. 2(1,2,3,5,6,7) 4(4,5) 527.99
1305. 2(5,6,7,9,10,12) 4(4,5) 527.99
1306. 2(5,6,8,9,11,12) 4(4,5) 527.99
1307. 2(5,6,8,10,11,12) 4(4,5) 527.99
1308. 2(2,5,6,7,9,10,11) 4(5) 527.87
1309. 2(2,6,7,8,9,11,12) 4(5) 527.87
1310. 2(1,3,4,6,11) 4(3,4,5) 527.72
1311. 2(4,6,10,11,12) 4(3,4,5) 527.72
1312. 2(2,3,5,7,9) 4(3,4,5) 527.68
1313. 2(3,4,6,7,9) 4(3,4,5) 527.68
1314. 2(2,3,6,7,11) 4(3,4,5) 527.68
1315. 2(2,5,7,9,12) 4(3,4,5) 527.68
1316. 2(3,4,5,7,11) 4(3,4,5) 527.68
1317. 2(4,6,7,9,12) 4(3,4,5) 527.68
1318. 2(2,6,7,11,12) 4(3,4,5) 527.68
1319. 2(4,5,7,11,12) 4(3,4,5) 527.68
1320. 2(1,5,6,7,8,10,11) 4(5) 527.5
1321. 2(3,5,6,7,8,11,12) 4(5) 527.5
1322. 2(2,3,7,9,11) 4(3,4,5) 527.32
1323. 2(2,4,7,9,12) 4(3,4,5) 527.32
1324. 2(5,6,7,9,11,12) 4(3,5) 527.3
1325. 2(1,4,6,7,8,11) 4(3,5) 527.3
1326. 2(4,6,7,8,10,11) 4(3,5) 527.3
1327. 2(6,7,8,9,10,11) 4(3,5) 527.3
1328. 2(1,3,7,8,9,11,12) 4(5) 527.21
1329. 2(1,7,8,9,10,11,12) 4(5) 527.21
1330. 2(3,4,7,9) 4(3,4,5,6) 527.07
1331. 2(2,3,7,11) 4(3,4,5,6) 527.07
1332. 2(5,7,10,11) 4(3,4,5,6) 527.07
1333. 2(6,8,10,11) 4(3,4,5,6) 527.07
1334. 2(1,3,4,5,6,10) 4(4,5) 527.03
1335. 2(1,5,6,10,11,12) 4(4,5) 527.03
1336. 2(1,2,4,5,6,11) 4(4,5) 527.03
1337. 2(4,5,6,9,10,11) 4(4,5) 527.03
1338. 2(1,3,6,7,9,12) 4(4,5) 526.94
1339. 2(2,3,6,7,9,11) 4(4,5) 526.94
1340. 2(2,4,6,7,9,12) 4(4,5) 526.94
1341. 2(2,3,6,7,10,12) 4(4,5) 526.94
1342. 2(6,7,11) 4(2,3,4,5,6) 526.74
1343. 2(1,2,3,5,7) 4(3,4,5) 526.72
1344. 2(1,3,4,5,7) 4(3,4,5) 526.72
1345. 2(1,4,6,7,12) 4(3,4,5) 526.72
1346. 2(3,4,6,7,10) 4(3,4,5) 526.72
1347. 2(1,6,7,11,12) 4(3,4,5) 526.72
1348. 2(3,6,7,10,11) 4(3,4,5) 526.72
1349. 2(5,7,9,10,12) 4(3,4,5) 526.72
1350. 2(5,7,10,11,12) 4(3,4,5) 526.72
1351. 2(1,7,8,12) 4(3,4,5,6) 526.71
1352. 2(3,5,7,12) 4(3,4,5,6) 526.71
1353. 2(3,6,8,12) 4(3,4,5,6) 526.71
1354. 2(3,7,8,10) 4(3,4,5,6) 526.71
1355. 2(5,7,10,12) 4(3,4,5,6) 526.71
1356. 2(6,8,10,12) 4(3,4,5,6) 526.71
1357. 2(1,6,7,9,10,11) 4(3,5) 526.64
1358. 2(3,6,7,9,11,12) 4(3,5) 526.64
1359. 2(3,4,7,11) 4(2,3,4,5) 526.41
1360. 2(4,7,11,12) 4(2,3,4,5) 526.41
1361. 2(7,9,11,12) 4(2,3,4,5) 526.41
1362. 2(7,10,11,12) 4(2,3,4,5) 526.41
1363. 2(1,4,6,7,9,10) 4(4,5) 526.34
1364. 2(1,2,6,7,10,11) 4(4,5) 526.34
1365. 2(1,4,5,6,11,12) 4(4,5) 526.34
1366. 2(1,4,5,7,10,11) 4(4,5) 526.34
1367. 2(1,4,6,8,10,11) 4(4,5) 526.34
1368. 2(3,4,5,6,10,11) 4(4,5) 526.34
1369. 2(1,2,3,5,6,7,11) 4(5) 526.21
1370. 2(1,2,3,6,7,8,11) 4(5) 526.21
1371. 2(1,5,6,7,9,11,12) 4(5) 526.21
1372. 2(1,6,7,8,9,11,12) 4(5) 526.21
1373. 2(3,5,6,7,9,10,11) 4(5) 526.21
1374. 2(3,6,7,8,9,10,11) 4(5) 526.21
1375. 2(2,5,6,7,10,11,12) 4(5) 526.21
1376. 2(2,6,7,8,10,11,12) 4(5) 526.21
1377. 2(2,4,6,7,8) 4(3,4,5) 526.02
1378. 2(6,7,8,9,11) 4(3,4,5) 526.02
1379. 2(2,3,4,11,12) 4(3,4,5) 525.99
1380. 2(3,4,9,11,12) 4(3,4,5) 525.99
1381. 2(1,3,4,6,9,11) 4(4,5) 525.97
1382. 2(1,2,4,7,10,11) 4(4,5) 525.97
1383. 2(1,4,7,9,10,11) 4(4,5) 525.97
1384. 2(2,4,6,10,11,12) 4(4,5) 525.97
1385. 2(1,3,5,6,7,11,12) 4(5) 525.85
1386. 2(1,3,6,7,8,10,11) 4(5) 525.85
1387. 2(1,2,3,7,8) 4(4,5,6) 525.46
1388. 2(1,2,4,6,7) 4(4,5,6) 525.46
1389. 2(2,6,7,9,12) 4(4,5,6) 525.37
1390. 2(1,7,8,10,11) 4(4,5,6) 525.37
1391. 2(2,6,7,10,12) 4(4,5,6) 525.37
1392. 2(1,3,4,6,10,12) 4(4,5) 525.3
1393. 2(1,3,6,10,11,12) 4(4,5) 525.3
1394. 2(1,2,3,7,8,11,12) 4(5) 525.25
1395. 2(1,5,7,9,10,11,12) 4(5) 525.25
1396. 2(2,3,7,8,10,11,12) 4(5) 525.25
1397. 2(3,5,7,9,10,11,12) 4(5) 525.25
1398. 2(9,10,11,12) 4(2,3,4,5) 525.09
1399. 2(7,9,12) 4(2,3,4,5,6) 525.08
1400. 2(7,10,11) 4(2,3,4,5,6) 525.08
1401. 2(2,4,6,7,11) 4(3,4,5) 525.06
1402. 2(4,6,7,9,11) 4(3,4,5) 525.06
1403. 2(3,9,10,11,12) 4(3,4,5) 525.02
1404. 2(3,4,5,7,9,11) 4(4,5) 524.97
1405. 2(3,4,6,8,9,11) 4(4,5) 524.97
1406. 2(2,4,5,7,11,12) 4(4,5) 524.97
1407. 2(2,4,6,8,11,12) 4(4,5) 524.97
1408. 2(2,3,4,9,11,12) 4(4,5) 524.93
1409. 2(1,2,4,6,7) 4(3,4,5) 524.77
1410. 2(6,7,9,10,11) 4(3,4,5) 524.77
1411. 2(2,6,7,9,11) 4(4,5,6) 524.7
1412. 2(4,5,7,8,11) 4(4,5,6) 524.7
1413. 2(3,6,7,8,9) 4(3,4,5) 524.36
1414. 2(2,6,7,8,12) 4(3,4,5) 524.36
1415. 2(2,3,4,7) 4(3,4,5,6) 524.16
1416. 2(3,4,6,7) 4(3,4,5,6) 524.16
1417. 2(4,6,10,11) 4(3,4,5,6) 524.16
1418. 2(5,6,10,11) 4(3,4,5,6) 524.16
1419. 2(1,4,6,7,8) 4(4,5,6) 524.1
1420. 2(2,3,4,7,9) 4(4,5,6) 524.1
1421. 2(2,3,6,7,8) 4(4,5,6) 524.1
1422. 2(3,4,5,6,7) 4(4,5,6) 524.1
1423. 2(3,4,5,7,8) 4(4,5,6) 524.1
1424. 2(3,5,7,8,9) 4(4,5,6) 524.1
1425. 2(1,2,4,7,11) 4(4,5,6) 524.1
1426. 2(1,3,4,7,10) 4(4,5,6) 524.1
1427. 2(1,5,6,7,11) 4(4,5,6) 524.1
1428. 2(4,5,6,7,10) 4(4,5,6) 524.1
1429. 2(5,6,7,9,10) 4(4,5,6) 524.1
1430. 2(5,7,8,9,10) 4(4,5,6) 524.1
1431. 2(5,6,7,8,11) 4(4,5,6) 524.02
1432. 2(5,6,7,8,12) 4(4,5,6) 524.02
1433. 2(1,2,4,6,11,12) 4(4,5) 524.0
1434. 2(1,4,6,9,11,12) 4(4,5) 524.0
1435. 2(2,3,4,6,10,11) 4(4,5) 524.0
1436. 2(3,4,6,9,10,11) 4(4,5) 524.0
1437. 2(2,7,8,11) 4(3,4,5,6) 523.75
1438. 2(5,7,9,11) 4(3,4,5,6) 523.75
1439. 2(1,3,7,8,11) 4(3,4,5) 523.71
1440. 2(2,3,6,7,12) 4(3,4,5) 523.71
1441. 2(3,6,7,9,12) 4(3,4,5) 523.71
1442. 2(4,7,8,10,12) 4(3,4,5) 523.71
1443. 2(5,6,7,8,9,10,11) 4(5) 523.59
1444. 2(5,6,7,8,9,11,12) 4(5) 523.59
1445. 2(6,7,10,11) 4(2,3,4,5) 523.46
1446. 2(6,7,11,12) 4(2,3,4,5) 523.46
1447. 2(1,6,7,9,12) 4(4,5,6) 523.4
1448. 2(3,6,7,9,10) 4(4,5,6) 523.4
1449. 2(4,7,8,9,10) 4(4,5,6) 523.4
1450. 2(2,7,8,10,11) 4(4,5,6) 523.4
1451. 2(1,6,7,10,11,12) 4(3,5) 523.35
1452. 2(3,6,7,10,11,12) 4(3,5) 523.35
1453. 2(3,7,8,10,11,12) 4(3,5) 523.35
1454. 2(3,7,9,10,11,12) 4(3,5) 523.35
1455. 2(1,3,6,7,9,11) 4(4,5) 523.33
1456. 2(2,3,6,7,9,12) 4(4,5) 523.33
1457. 2(2,4,6,7,10,12) 4(4,5) 523.33
1458. 2(3,4,5,6,11,12) 4(4,5) 523.33
1459. 2(3,5,6,7,8,11) 4(4,5) 523.31
1460. 2(4,5,6,7,8,12) 4(4,5) 523.31
1461. 2(3,5,7,8,9,11,12) 4(5) 523.3
1462. 2(2,7,8,9,10,11,12) 4(5) 523.3
1463. 2(3,6,11,12) 4(3,4,5,6) 523.1
1464. 2(4,7,10,12) 4(3,4,5,6) 523.1
1465. 2(1,3,5,6,7,11) 4(4,5) 523.02
1466. 2(1,4,6,7,8,10) 4(4,5) 523.02
1467. 2(1,6,7,8,10,11) 4(4,5) 523.02
1468. 2(4,5,6,7,10,12) 4(4,5) 523.02
1469. 2(1,4,6,7,8,9,11) 4(5) 522.89
1470. 2(3,4,6,11,12) 4(3,4,5) 522.75
1471. 2(4,6,7,8,9) 4(4,5,6) 522.73
1472. 2(1,6,7,8,12) 4(4,5,6) 522.73
1473. 2(2,6,7,8,11) 4(4,5,6) 522.73
1474. 2(3,6,7,8,10) 4(4,5,6) 522.73
1475. 2(2,4,5,6,7,11) 4(4,5) 522.34
1476. 2(4,5,6,7,9,11) 4(4,5) 522.34
1477. 2(1,3,6,7,9,10,11) 4(5) 522.24
1478. 2(1,3,6,7,9,11,12) 4(5) 522.24
1479. 2(2,4,6,7,9,11) 4(4,5) 521.98
1480. 2(1,3,6,7,10,12) 4(4,5) 521.98
1481. 2(1,4,7,8,12) 4(3,4,5) 521.74
1482. 2(2,3,5,7,12) 4(3,4,5) 521.74
1483. 2(3,4,5,7,12) 4(3,4,5) 521.74
1484. 2(3,4,7,8,10) 4(3,4,5) 521.74
1485. 2(3,5,7,9,12) 4(3,4,5) 521.74
1486. 2(1,7,8,11,12) 4(3,4,5) 521.74
1487. 2(3,5,7,11,12) 4(3,4,5) 521.74
1488. 2(3,7,8,10,11) 4(3,4,5) 521.74
1489. 2(3,4,7,9,10) 4(4,5,6) 521.44
1490. 2(2,3,7,10,11) 4(4,5,6) 521.44
1491. 2(2,5,7,11,12) 4(4,5,6) 521.44
1492. 2(3,5,7,10,11) 4(4,5,6) 521.44
1493. 2(1,7,11,12) 4(3,4,5,6) 521.13
1494. 2(3,7,10,11) 4(3,4,5,6) 521.13
1495. 2(1,2,3,4,6,10) 4(4,5) 521.09
1496. 2(1,2,4,6,10,11) 4(4,5) 521.09
1497. 2(1,4,6,9,10,11) 4(4,5) 521.09
1498. 2(1,6,9,10,11,12) 4(4,5) 521.09
1499. 2(1,4,5,6,7,12) 4(4,5) 521.05
1500. 2(3,4,5,6,7,10) 4(4,5) 521.05
1501. 2(1,5,6,7,11,12) 4(4,5) 521.05
1502. 2(3,5,6,7,10,11) 4(4,5) 521.05
1503. 2(1,4,7,11,12) 4(3,4,5) 520.78
1504. 2(3,4,7,10,11) 4(3,4,5) 520.78
1505. 2(3,4,6,7,8,9,11,12)  520.52
1506. 2(4,6,7,8,9,10,11,12)  520.52
1507. 2(1,2,3,7,12) 4(3,4,5) 520.41
1508. 2(1,3,7,11,12) 4(3,4,5) 520.41
1509. 2(3,4,7,10,12) 4(3,4,5) 520.41
1510. 2(3,7,9,10,12) 4(3,4,5) 520.41
1511. 2(1,5,6,7,10,11) 4(3,5) 520.39
1512. 2(3,6,7,8,11,12) 4(3,5) 520.39
1513. 2(5,6,7,10,11,12) 4(3,5) 520.39
1514. 2(6,7,8,10,11,12) 4(3,5) 520.39
1515. 2(1,2,3,6,7,10,11) 4(5) 520.27
1516. 2(1,2,3,6,7,11,12) 4(5) 520.27
1517. 2(1,2,6,7,10,11,12) 4(5) 520.27
1518. 2(2,3,6,7,10,11,12) 4(5) 520.27
1519. 2(2,4,7,8,11) 4(3,4,5) 520.08
1520. 2(4,7,8,9,11) 4(3,4,5) 520.08
1521. 2(7,8,9,10,11) 4(3,4,5) 519.79
1522. 2(4,7,9,11) 4(3,4,5,6) 519.47
1523. 2(6,7,8,11) 4(3,4,5,6) 519.47
1524. 2(1,4,5,7,11,12) 4(4,5) 519.39
1525. 2(1,4,6,8,11,12) 4(4,5) 519.39
1526. 2(3,4,5,7,10,11) 4(4,5) 519.39
1527. 2(3,4,6,8,10,11) 4(4,5) 519.39
1528. 2(1,4,6,7,9,12) 4(4,5) 519.39
1529. 2(3,4,6,7,9,10) 4(4,5) 519.39
1530. 2(1,2,6,7,11,12) 4(4,5) 519.39
1531. 2(2,3,6,7,10,11) 4(4,5) 519.39
1532. 2(3,4,9,10,11,12) 4(4,5) 519.36
1533. 2(3,6,7,11) 4(3,4,5,6) 519.18
1534. 2(4,6,7,12) 4(3,4,5,6) 519.18
1535. 2(4,6,11,12) 4(3,4,5,6) 519.18
1536. 2(4,7,10,11) 4(3,4,5,6) 519.18
1537. 2(4,6,7,11) 4(2,3,4,5) 519.18
1538. 2(3,6,7,8,9) 4(4,5,6) 519.12
1539. 2(1,6,7,8,11) 4(4,5,6) 519.12
1540. 2(2,6,7,8,12) 4(4,5,6) 519.12
1541. 2(3,5,6,7,11) 4(4,5,6) 519.12
1542. 2(3,5,7,8,11) 4(4,5,6) 519.12
1543. 2(4,5,6,7,12) 4(4,5,6) 519.12
1544. 2(4,6,7,8,10) 4(4,5,6) 519.12
1545. 2(5,6,7,9,12) 4(4,5,6) 519.12
1546. 2(6,7,8,9,10) 4(4,5,6) 519.12
1547. 2(1,3,7,10,11) 4(4,5,6) 519.12
1548. 2(2,4,7,10,11) 4(4,5,6) 519.12
1549. 2(5,7,8,10,11) 4(4,5,6) 519.12
1550. 2(4,5,6,7,8,11) 4(4,5) 519.03
1551. 2(3,6,7,12) 4(3,4,5,6) 518.82
1552. 2(3,4,11,12) 4(3,4,5,6) 518.82
1553. 2(6,7,10,12) 4(3,4,5,6) 518.82
1554. 2(4,10,11,12) 4(3,4,5,6) 518.82
1555. 2(3,4,5,6,7,8,11) 4(5) 518.61
1556. 2(4,5,6,7,8,11,12) 4(5) 518.61
1557. 2(1,2,4,6,7,10) 4(4,5) 518.45
1558. 2(1,3,4,5,6,11) 4(4,5) 518.45
1559. 2(1,6,7,9,10,11) 4(4,5) 518.45
1560. 2(4,5,6,10,11,12) 4(4,5) 518.45
1561. 2(2,6,7,9,10,11,12) 4(5) 518.32
1562. 2(1,2,4,5,6,7) 4(4,5) 518.14
1563. 2(1,4,5,6,7,10) 4(4,5) 518.14
1564. 2(1,5,6,7,10,11) 4(4,5) 518.14
1565. 2(5,6,7,9,10,11) 4(4,5) 518.14
1566. 2(1,2,3,4,6) 4(3,4,5) 517.86
1567. 2(6,9,10,11,12) 4(3,4,5) 517.86
1568. 2(2,3,4,5,7) 4(3,4,5) 517.83
1569. 2(5,7,9,11,12) 4(3,4,5) 517.83
1570. 2(5,6,7,8,10,11,12) 4(5) 517.65
1571. 2(2,3,4,7,9) 4(3,4,5) 517.46
1572. 2(3,4,7,9,11) 4(3,4,5) 517.46
1573. 2(2,4,7,11,12) 4(3,4,5) 517.46
1574. 2(2,7,9,11,12) 4(3,4,5) 517.46
1575. 2(3,4,6,7,8,11) 4(3,5) 517.44
1576. 2(4,6,7,8,11,12) 4(3,5) 517.44
1577. 2(5,6,7,9,10,11) 4(3,5) 517.44
1578. 2(6,7,8,9,11,12) 4(3,5) 517.44
1579. 2(2,3,4,6,7,9) 4(4,5) 517.08
1580. 2(1,2,3,6,7,12) 4(4,5) 517.08
1581. 2(2,6,7,9,11,12) 4(4,5) 517.08
1582. 2(3,6,7,9,10,12) 4(4,5) 517.08
1583. 2(3,7,10,12) 4(3,4,5,6) 516.49
1584. 2(3,10,11,12) 4(3,4,5,6) 516.49
1585. 2(1,2,5,6,7,10,11) 4(5) 516.35
1586. 2(2,3,6,7,8,11,12) 4(5) 516.35
1587. 2(1,3,4,6,7,10,11,12)  516.24
1588. 2(4,6,7,8,11) 4(3,4,5) 516.16
1589. 2(1,2,3,4,6,12) 4(4,5) 516.11
1590. 2(1,7,9,10,11,12) 4(4,5) 516.11
1591. 2(2,7,9,10,11,12) 4(4,5) 516.11
1592. 2(3,6,9,10,11,12) 4(4,5) 516.11
1593. 2(1,3,5,6,7,10,11) 4(5) 515.99
1594. 2(1,3,6,7,8,11,12) 4(5) 515.99
1595. 2(1,6,7,8,10,11,12) 4(5) 515.99
1596. 2(3,5,6,7,10,11,12) 4(5) 515.99
1597. 2(4,7,8,11) 4(3,4,5,6) 515.86
1598. 2(6,7,9,11) 4(3,4,5,6) 515.86
1599. 2(1,2,3,4,7) 4(4,5,6) 515.61
1600. 2(1,3,7,8,11) 4(4,5,6) 515.51
1601. 2(1,4,7,8,11) 4(4,5,6) 515.51
1602. 2(1,6,7,9,11) 4(4,5,6) 515.51
1603. 2(2,4,6,7,12) 4(4,5,6) 515.51
1604. 2(7,11,12) 4(2,3,4,5,6) 515.22
1605. 2(2,3,4,5,7,11) 4(4,5) 515.11
1606. 2(2,3,4,6,8,11) 4(4,5) 515.11
1607. 2(4,5,7,9,11,12) 4(4,5) 515.11
1608. 2(4,6,8,9,11,12) 4(4,5) 515.11
1609. 2(1,4,6,7,11) 4(3,4,5) 514.91
1610. 2(4,6,7,10,11) 4(3,4,5) 514.91
1611. 2(9,11,12) 4(2,3,4,5,6) 514.86
1612. 2(2,4,7,8,11) 4(4,5,6) 514.84
1613. 2(5,6,7,9,11) 4(4,5,6) 514.84
1614. 2(1,6,7,10,12) 4(4,5,6) 514.84
1615. 2(5,6,7,10,12) 4(4,5,6) 514.84
1616. 2(1,4,6,7,11,12) 4(3,5) 514.82
1617. 2(2,3,7,8,11,12) 4(3,5) 514.82
1618. 2(5,7,9,10,11,12) 4(3,5) 514.82
1619. 2(2,3,6,7,8) 4(3,4,5) 514.51
1620. 2(3,6,7,8,11) 4(3,4,5) 514.51
1621. 2(4,6,7,8,12) 4(3,4,5) 514.51
1622. 2(6,7,8,9,12) 4(3,4,5) 514.51
1623. 2(3,7,9,11) 4(3,4,5,6) 514.21
1624. 2(6,7,9,12) 4(3,4,5,6) 514.21
1625. 2(4,8,11,12) 4(3,4,5,6) 514.21
1626. 2(7,8,10,11) 4(3,4,5,6) 514.21
1627. 2(1,2,3,4,5,6) 4(4,5) 513.56
1628. 2(1,4,5,6,10,11) 4(4,5) 513.56
1629. 2(5,6,9,10,11,12) 4(4,5) 513.56
1630. 2(3,4,6,7,9) 4(4,5,6) 513.55
1631. 2(2,3,6,7,11) 4(4,5,6) 513.55
1632. 2(3,4,5,7,11) 4(4,5,6) 513.55
1633. 2(3,4,7,8,10) 4(4,5,6) 513.55
1634. 2(3,7,8,9,10) 4(4,5,6) 513.55
1635. 2(4,6,7,9,10) 4(4,5,6) 513.55
1636. 2(2,6,7,10,11) 4(4,5,6) 513.55
1637. 2(4,5,7,10,11) 4(4,5,6) 513.55
1638. 2(5,7,8,12) 4(3,4,5,6) 513.53
1639. 2(6,7,8,12) 4(3,4,5,6) 513.53
1640. 2(5,6,7,8,11,12) 4(4,5) 513.45
1641. 2(2,3,7,8,9,11,12) 4(5) 513.44
1642. 2(5,7,8,9,10,11,12) 4(5) 513.44
1643. 2(2,3,7,12) 4(3,4,5,6) 513.24
1644. 2(5,10,11,12) 4(3,4,5,6) 513.24
1645. 2(1,2,4,6,7,8) 4(4,5) 513.16
1646. 2(2,3,4,5,6,7) 4(4,5) 513.16
1647. 2(5,6,7,9,11,12) 4(4,5) 513.16
1648. 2(6,7,8,9,10,11) 4(4,5) 513.16
1649. 2(3,4,6,7,8,9,11) 4(5) 513.04
1650. 2(4,6,7,8,9,10,11) 4(5) 513.04
1651. 2(1,3,4,7,11) 4(3,4,5) 512.89
1652. 2(4,7,10,11,12) 4(3,4,5) 512.89
1653. 2(4,7,9,12) 4(3,4,5,6) 512.24
1654. 2(2,7,11,12) 4(3,4,5,6) 512.24
1655. 2(5,7,11,12) 4(3,4,5,6) 512.24
1656. 2(6,8,11,12) 4(3,4,5,6) 512.24
1657. 2(1,3,4,5,7,11) 4(4,5) 511.5
1658. 2(1,3,4,6,8,11) 4(4,5) 511.5
1659. 2(4,5,7,10,11,12) 4(4,5) 511.5
1660. 2(4,6,8,10,11,12) 4(4,5) 511.5
1661. 2(1,3,4,6,7,9) 4(4,5) 511.5
1662. 2(1,2,3,6,7,11) 4(4,5) 511.5
1663. 2(1,2,4,6,7,12) 4(4,5) 511.5
1664. 2(2,3,4,6,7,10) 4(4,5) 511.5
1665. 2(1,6,7,9,11,12) 4(4,5) 511.5
1666. 2(3,6,7,9,10,11) 4(4,5) 511.5
1667. 2(4,6,7,9,10,12) 4(4,5) 511.5
1668. 2(2,6,7,10,11,12) 4(4,5) 511.5
1669. 2(1,3,4,7,9,11) 4(4,5) 511.14
1670. 2(2,3,4,6,11,12) 4(4,5) 511.14
1671. 2(3,4,6,9,11,12) 4(4,5) 511.14
1672. 2(2,4,7,10,11,12) 4(4,5) 511.14
1673. 2(4,6,7,11) 4(3,4,5,6) 510.98
1674. 2(1,3,4,7,8) 4(4,5,6) 510.63
1675. 2(2,3,4,6,7) 4(4,5,6) 510.63
1676. 2(2,3,7,8,9) 4(4,5,6) 510.63
1677. 2(1,4,6,7,10) 4(4,5,6) 510.63
1678. 2(1,3,4,7,12) 4(3,4,5) 510.56
1679. 2(3,7,10,11,12) 4(3,4,5) 510.56
1680. 2(2,3,4,7,9,11) 4(4,5) 510.46
1681. 2(2,4,7,9,11,12) 4(4,5) 510.46
1682. 2(2,3,4,6,7) 4(3,4,5) 509.94
1683. 2(6,7,9,11,12) 4(3,4,5) 509.94
1684. 2(2,3,7,8) 4(3,4,5,6) 509.32
1685. 2(3,4,7,8) 4(3,4,5,6) 509.32
1686. 2(3,4,7,11) 4(3,4,5,6) 509.32
1687. 2(6,7,10,11) 4(3,4,5,6) 509.32
1688. 2(1,2,4,7,11,12) 4(4,5) 509.17
1689. 2(1,4,7,9,11,12) 4(4,5) 509.17
1690. 2(2,3,4,7,10,11) 4(4,5) 509.17
1691. 2(3,4,7,9,10,11) 4(4,5) 509.17
1692. 2(1,3,4,6,7) 4(3,4,5) 508.97
1693. 2(6,7,10,11,12) 4(3,4,5) 508.97
1694. 2(1,5,6,7,9,10,11) 4(5) 508.46
1695. 2(3,6,7,8,9,11,12) 4(5) 508.46
1696. 2(2,4,6,7,8,12) 4(4,5) 508.19
1697. 2(3,6,7,8,9,11) 4(4,5) 508.19
1698. 2(3,4,5,6,7,12) 4(4,5) 508.19
1699. 2(3,5,6,7,11,12) 4(4,5) 508.19
1700. 2(2,3,7,9,12) 4(3,4,5) 507.91
1701. 2(2,3,4,7,11) 4(3,4,5) 507.6
1702. 2(4,7,9,11,12) 4(3,4,5) 507.6
1703. 2(2,4,6,7,8,11) 4(4,5) 507.51
1704. 2(4,6,7,8,9,11) 4(4,5) 507.51
1705. 2(3,7,8,9,10,11,12) 4(5) 507.5
1706. 2(3,7,8,10,12) 4(3,4,5) 507.24
1707. 2(1,4,6,7,9,11) 4(4,5) 507.22
1708. 2(1,3,6,7,10,11) 4(4,5) 507.22
1709. 2(1,4,6,7,10,12) 4(4,5) 507.22
1710. 2(2,4,6,7,10,11) 4(4,5) 507.22
1711. 2(3,4,6,7,11,12) 4(3,5) 506.93
1712. 2(3,7,8,9,11,12) 4(3,5) 506.93
1713. 2(6,7,9,10,11,12) 4(3,5) 506.93
1714. 2(5,7,9,10,11,12) 4(4,5) 506.62
1715. 2(6,8,9,10,11,12) 4(4,5) 506.62
1716. 2(1,2,3,4,6,11) 4(4,5) 506.26
1717. 2(1,3,4,6,10,11) 4(4,5) 506.26
1718. 2(1,4,6,10,11,12) 4(4,5) 506.26
1719. 2(4,6,9,10,11,12) 4(4,5) 506.26
1720. 2(2,3,6,7,8,11) 4(4,5) 506.22
1721. 2(4,6,7,8,9,12) 4(4,5) 506.22
1722. 2(1,6,7,8,11,12) 4(4,5) 506.22
1723. 2(2,6,7,8,11,12) 4(4,5) 506.22
1724. 2(1,5,6,7,10,11,12) 4(5) 506.13
1725. 2(3,6,7,8,10,11,12) 4(5) 506.13
1726. 2(3,4,7,9,12) 4(3,4,5) 505.95
1727. 2(2,3,7,11,12) 4(3,4,5) 505.95
1728. 2(1,3,6,7,10,11,12) 4(5) 505.77
1729. 2(1,4,7,10,11) 4(4,5,6) 505.66
1730. 2(1,3,6,7,11) 4(4,5,6) 505.66
1731. 2(4,5,6,7,11) 4(4,5,6) 504.98
1732. 2(2,4,6,7,11) 4(4,5,6) 504.98
1733. 2(3,7,8,9,11) 4(3,4,5) 504.96
1734. 2(3,4,6,7,8) 4(3,4,5) 504.65
1735. 2(6,7,8,11,12) 4(3,4,5) 504.65
1736. 2(2,7,8,12) 4(3,4,5,6) 504.35
1737. 2(3,7,8,11) 4(3,4,5,6) 504.35
1738. 2(4,7,8,12) 4(3,4,5,6) 504.35
1739. 2(7,9,10,11) 4(3,4,5,6) 504.35
1740. 2(3,6,7,8,12) 4(3,4,5) 504.29
1741. 2(1,3,4,7,8) 4(3,4,5) 504.0
1742. 2(3,4,6,7,12) 4(3,4,5) 504.0
1743. 2(3,6,7,11,12) 4(3,4,5) 504.0
1744. 2(7,8,10,11,12) 4(3,4,5) 504.0
1745. 2(7,8,10,12) 4(3,4,5,6) 503.99
1746. 2(3,4,7,8,9) 4(4,5,6) 503.69
1747. 2(1,4,6,7,12) 4(4,5,6) 503.69
1748. 2(3,4,6,7,10) 4(4,5,6) 503.69
1749. 2(2,3,7,8,11) 4(4,5,6) 503.69
1750. 2(1,4,6,7,8,10,11) 4(5) 503.49
1751. 2(3,4,7,12) 4(3,4,5,6) 503.39
1752. 2(6,10,11,12) 4(3,4,5,6) 503.39
1753. 2(1,3,4,5,6,7) 4(4,5) 503.3
1754. 2(1,4,5,6,7,11) 4(4,5) 503.3
1755. 2(4,5,6,7,10,11) 4(4,5) 503.3
1756. 2(5,6,7,10,11,12) 4(4,5) 503.3
1757. 2(4,6,7,8,9,11,12) 4(5) 503.18
1758. 2(1,2,3,4,7) 4(3,4,5) 503.03
1759. 2(7,9,10,11,12) 4(3,4,5) 503.03
1760. 2(4,7,8,9,12) 4(3,4,5) 502.99
1761. 2(2,7,8,11,12) 4(3,4,5) 502.99
1762. 2(1,6,7,9,10,11,12) 4(5) 502.52
1763. 2(3,6,7,9,10,11,12) 4(5) 502.52
1764. 2(1,4,6,7,8,11,12) 4(5) 501.52
1765. 2(3,4,6,7,8,10,11) 4(5) 501.52
1766. 2(1,3,4,6,11,12) 4(4,5) 501.28
1767. 2(1,3,4,7,10,11) 4(4,5) 501.28
1768. 2(1,4,7,10,11,12) 4(4,5) 501.28
1769. 2(3,4,6,10,11,12) 4(4,5) 501.28
1770. 2(7,8,9,11) 4(3,4,5,6) 501.03
1771. 2(1,3,4,6,7) 4(4,5,6) 500.78
1772. 2(2,3,4,7,8) 4(4,5,6) 500.78
1773. 2(4,7,8,10,11) 4(4,5,6) 500.68
1774. 2(3,6,7,9,11) 4(4,5,6) 500.68
1775. 2(3,4,6,7,11) 4(3,4,5) 500.08
1776. 2(4,6,7,11,12) 4(3,4,5) 500.08
1777. 2(6,7,8,9,11) 4(4,5,6) 500.01
1778. 2(6,7,8,10,12) 4(4,5,6) 500.01
1779. 2(3,4,6,7,8) 4(4,5,6) 499.41
1780. 2(5,6,7,10,11) 4(4,5,6) 499.41
1781. 2(2,3,4,7,11) 4(4,5,6) 499.41
1782. 2(4,6,7,9,12) 4(4,5,6) 498.71
1783. 2(4,5,7,11,12) 4(4,5,6) 498.71
1784. 2(2,6,7,11,12) 4(4,5,6) 498.71
1785. 2(3,7,8,10,11) 4(4,5,6) 498.71
1786. 2(5,6,7,9,10,11,12) 4(5) 498.61
1787. 2(6,7,8,9,10,11,12) 4(5) 498.61
1788. 2(3,7,9,12) 4(3,4,5,6) 498.41
1789. 2(3,8,11,12) 4(3,4,5,6) 498.41
1790. 2(1,4,6,7,8,11) 4(4,5) 498.33
1791. 2(4,6,7,8,10,11) 4(4,5) 498.33
1792. 2(3,4,5,6,7,11) 4(4,5) 498.33
1793. 2(4,5,6,7,11,12) 4(4,5) 498.33
1794. 2(2,3,4,7,12) 4(3,4,5) 498.06
1795. 2(3,7,9,11,12) 4(3,4,5) 498.06
1796. 2(1,2,4,6,7,11) 4(4,5) 497.36
1797. 2(1,3,4,6,7,10) 4(4,5) 497.36
1798. 2(4,6,7,9,10,11) 4(4,5) 497.36
1799. 2(1,6,7,10,11,12) 4(4,5) 497.36
1800. 2(3,4,6,7,9,12) 4(4,5) 496.67
1801. 2(2,3,6,7,11,12) 4(4,5) 496.67
1802. 2(3,4,5,7,11,12) 4(4,5) 496.67
1803. 2(3,4,6,8,11,12) 4(4,5) 496.67
1804. 2(1,6,7,10,11) 4(4,5,6) 495.8
1805. 2(1,3,4,7,11) 4(4,5,6) 495.8
1806. 2(3,4,7,8,11) 4(3,4,5) 495.1
1807. 2(4,7,8,11,12) 4(3,4,5) 495.1
1808. 2(4,7,11,12) 4(3,4,5,6) 494.49
1809. 2(6,7,11,12) 4(3,4,5,6) 494.49
1810. 2(4,6,7,8,12) 4(4,5,6) 494.43
1811. 2(6,7,8,9,12) 4(4,5,6) 494.43
1812. 2(5,6,7,11,12) 4(4,5,6) 494.43
1813. 2(6,7,8,10,11) 4(4,5,6) 494.43
1814. 2(3,6,7,8,11) 4(4,5,6) 494.43
1815. 2(2,4,7,11,12) 4(4,5,6) 494.43
1816. 2(1,3,4,6,7,8,11) 4(5) 493.63
1817. 2(4,6,7,8,10,11,12) 4(5) 493.63
1818. 2(3,4,6,7,9,11) 4(4,5) 492.39
1819. 2(1,3,6,7,11,12) 4(4,5) 492.39
1820. 2(2,4,6,7,11,12) 4(4,5) 492.39
1821. 2(3,4,6,7,10,12) 4(4,5) 492.39
1822. 2(1,2,3,4,7,11) 4(4,5) 491.43
1823. 2(4,7,9,10,11,12) 4(4,5) 491.43
1824. 2(4,6,7,10,12) 4(4,5,6) 490.83
1825. 2(6,7,9,10,12) 4(4,5,6) 490.83
1826. 2(4,6,7,8,11) 4(4,5,6) 490.15
1827. 2(4,6,7,9,11) 4(4,5,6) 490.15
1828. 2(1,4,7,11,12) 4(4,5,6) 488.86
1829. 2(1,6,7,11,12) 4(4,5,6) 488.86
1830. 2(3,4,7,10,11) 4(4,5,6) 488.86
1831. 2(3,6,7,10,11) 4(4,5,6) 488.86
1832. 2(2,3,4,6,7,12) 4(4,5) 488.78
1833. 2(3,6,7,9,11,12) 4(4,5) 488.78
1834. 2(3,7,11,12) 4(3,4,5,6) 488.55
1835. 2(7,10,11,12) 4(3,4,5,6) 488.55
1836. 2(6,7,8,9,11,12) 4(4,5) 488.47
1837. 2(6,7,8,10,11,12) 4(4,5) 488.47
1838. 2(3,4,7,11,12) 4(3,4,5) 488.2
1839. 2(1,4,6,7,11) 4(4,5,6) 485.94
1840. 2(7,8,9,11,12) 4(3,4,5) 485.25
1841. 2(3,7,8,12) 4(3,4,5,6) 484.27
1842. 2(1,2,3,4,6,7) 4(4,5) 483.9
1843. 2(1,4,6,7,10,11) 4(4,5) 483.9
1844. 2(6,7,9,10,11,12) 4(4,5) 483.9
1845. 2(3,4,6,7,8,11,12) 4(5) 483.78
1846. 2(1,3,4,6,7,12) 4(4,5) 482.53
1847. 2(2,3,4,6,7,11) 4(4,5) 482.53
1848. 2(4,6,7,9,11,12) 4(4,5) 482.53
1849. 2(3,6,7,10,11,12) 4(4,5) 482.53
1850. 2(6,7,9,10,11) 4(4,5,6) 480.97
1851. 2(3,4,7,8,11) 4(4,5,6) 480.97
1852. 2(7,8,11,12) 4(3,4,5,6) 479.66
1853. 2(7,9,11,12) 4(3,4,5,6) 479.66
1854. 2(3,4,7,8,12) 4(3,4,5) 479.31
1855. 2(3,7,8,11,12) 4(3,4,5) 479.31
1856. 2(3,4,6,7,10,11,12) 4(5) 477.84
1857. 2(1,4,6,7,11,12) 4(4,5) 476.96
1858. 2(3,4,6,7,10,11) 4(4,5) 476.96
1859. 2(2,3,4,7,11,12) 4(4,5) 476.59
1860. 2(3,4,7,9,11,12) 4(4,5) 476.59
1861. 2(3,4,6,7,8,11) 4(4,5) 473.64
1862. 2(4,6,7,8,11,12) 4(4,5) 473.64
1863. 2(3,4,6,7,11) 4(4,5,6) 471.11
1864. 2(4,6,7,10,11) 4(4,5,6) 471.11
1865. 2(6,7,8,11,12) 4(4,5,6) 469.74
1866. 2(1,3,4,6,7,11) 4(4,5) 469.07
1867. 2(4,6,7,10,11,12) 4(4,5) 469.07
1868. 2(4,7,8,11,12) 4(4,5,6) 466.14
1869. 2(6,7,9,11,12) 4(4,5,6) 466.14
1870. 2(4,6,7,11,12) 4(4,5,6) 456.28
1871. 2(6,7,10,11,12) 4(4,5,6) 456.28
1872. 2(3,4,6,7,11,12) 4(4,5) 454.24
