1. 2(1) 4(3,4,5,6) 604.61
2. 2(1,10) 4(3,4,5) 600.92
3. 4(2,3,4,5,6) 597.9
4. 2(2,5) 4(4,5,6) 595.62
5. 2(2,6,9) 4(4,5) 589.9
6. 2(1,5,9) 4(4,5) 588.22
7. 2(2,5,10) 4(4,5) 588.22
8. 2(1,11) 4(3,4,5) 588.01
9. 2(4,10) 4(3,4,5) 588.01
10. 2(1,2,9) 4(4,5) 587.2
11. 2(2,9,10) 4(4,5) 587.2
12. 2(11) 4(2,3,4,5) 586.03
13. 2(3,10,12) 4(3,5) 585.97
14. 2(1,5,8,12) 4(5) 585.17
15. 2(3,5,8,10) 4(5) 585.17
16. 2(4,5,9) 4(4,5) 584.39
17. 2(2,5,11) 4(4,5) 584.39
18. 2(5,6) 4(3,4,5) 584.38
19. 2(1,3,8,10) 4(5) 584.15
20. 2(1,8,10,12) 4(5) 584.15
21. 2(1,6,7,8,9)  583.92
22. 2(2,6,7,8,10)  583.92
23. 2(1,7,9) 4(3,5) 583.31
24. 2(2,7,10) 4(3,5) 583.31
25. 2(2,6) 4(4,5,6) 581.69
26. 2(4,5) 4(4,5,6) 581.69
27. 2(1,12) 4(3,4,5) 581.48
28. 2(1,3,10,12) 4(5) 581.24
29. 2(2,6) 4(3,4,5) 579.74
30. 2(5,6,8) 4(4,5) 579.74
31. 2(6,9) 4(3,4,5) 579.74
32. 2(4) 4(3,4,5,6) 579.71
33. 2(6) 4(3,4,5,6) 579.71
34. 2(1,7,10) 4(3,5) 579.59
35. 2(2,5,6) 4(4,5) 578.93
36. 2(5,6,9) 4(4,5) 578.93
37. 2(1,2,7,9) 4(5) 577.77
38. 2(2,7,9,10) 4(5) 577.77
39. 2(1,7,8,9) 4(5) 577.77
40. 2(2,7,8,10) 4(5) 577.77
41. 2(7) 4(2,3,4,5) 577.76
42. 2(1,6) 4(3,4,5) 577.04
43. 2(6,10) 4(3,4,5) 577.04
44. 2(2,5,7,9) 4(5) 576.9
45. 2(1,7,8,10) 4(5) 576.75
46. 2(2,5,9) 4(4,5) 576.23
47. 2(1,5,7,8) 4(5) 575.88
48. 2(5,7,8,10) 4(5) 575.88
49. 2(1,3,8,9) 4(5) 575.07
50. 2(1,8,9,10) 4(5) 575.07
51. 2(1,6,9) 4(4,5) 574.29
52. 2(1,5,11) 4(4,5) 574.29
53. 2(2,6,10) 4(4,5) 574.29
54. 2(4,5,10) 4(4,5) 574.29
55. 2(1,7,12) 4(3,5) 574.08
56. 2(3,7,10) 4(3,5) 574.08
57. 2(1,3,6,7,9)  573.82
58. 2(2,3,6,7,9)  573.82
59. 2(2,6,7,9,12)  573.82
60. 2(1,9,11) 4(4,5) 573.27
61. 2(2,4,10) 4(4,5) 573.27
62. 2(4,9) 4(3,4,5) 573.21
63. 2(2,11) 4(3,4,5) 573.21
64. 2(1,5,7,9) 4(5) 572.26
65. 2(3,5,7,9) 4(5) 572.26
66. 2(2,5,7,10) 4(5) 572.26
67. 2(2,5,7,12) 4(5) 572.26
68. 2(2,6,7,9,11)  571.93
69. 2(2,4,9) 4(4,5) 571.38
70. 2(2,9,11) 4(4,5) 571.38
71. 2(7,8,10) 4(3,5) 571.32
72. 2(5,6,7,8,11)  570.04
73. 2(2,4) 4(4,5,6) 569.7
74. 2(5,6) 4(4,5,6) 569.7
75. 2(1,8,9,12) 4(5) 569.56
76. 2(3,8,9,10) 4(5) 569.56
77. 2(2,6,7,9) 4(5) 568.48
78. 2(1,6,7,9,12)  568.31
79. 2(3,6,7,9,10)  568.31
80. 2(1,4,9) 4(4,5) 567.76
81. 2(1,2,11) 4(4,5) 567.76
82. 2(4,9,10) 4(4,5) 567.76
83. 2(2,10,11) 4(4,5) 567.76
84. 2(2,5,6,7,11)  566.42
85. 2(2,6,7,8,11)  566.42
86. 2(3,5,7) 4(3,5) 565.81
87. 2(5,7,12) 4(3,5) 565.81
88. 2(1,5,7,12) 4(5) 565.73
89. 2(3,5,7,10) 4(5) 565.73
90. 2(3,5,6) 4(4,5) 565.0
91. 2(5,6,12) 4(4,5) 565.0
92. 2(5,7) 4(3,4,5) 564.94
93. 2(2,5,7,8) 4(5) 564.91
94. 2(5,7,8,9) 4(5) 564.91
95. 2(5,6,7,8) 4(5) 564.7
96. 2(1,5,8,9) 4(5) 564.1
97. 2(3,5,8,9) 4(5) 564.1
98. 2(1,7) 4(3,4,5) 563.11
99. 2(3,6) 4(3,4,5) 563.11
100. 2(6,12) 4(3,4,5) 563.11
101. 2(7,10) 4(3,4,5) 563.11
102. 2(3) 4(3,4,5,6) 563.08
103. 2(3,5,8,12) 4(5) 563.08
104. 2(5,8,10,12) 4(5) 563.08
105. 2(6,7,9) 4(3,5) 563.05
106. 2(2,3,5,7,11)  562.8
107. 2(2,5,7,10,11)  562.8
108. 2(2,5,7,11,12)  562.8
109. 2(2,4,5) 4(4,5) 562.3
110. 2(5,9,11) 4(4,5) 562.3
111. 2(6,7,8) 4(3,5) 561.16
112. 2(1,3,7,9) 4(5) 561.14
113. 2(1,2,7,10) 4(5) 561.14
114. 2(1,7,9,10) 4(5) 561.14
115. 2(2,7,10,12) 4(5) 561.14
116. 2(5,9,10) 4(4,5) 560.62
117. 2(1,4) 4(3,4,5) 560.41
118. 2(10,11) 4(3,4,5) 560.41
119. 2(1,7,9) 4(4,5) 560.36
120. 2(3,6,9) 4(4,5) 560.36
121. 2(2,6,12) 4(4,5) 560.36
122. 2(2,7,10) 4(4,5) 560.36
123. 2(3,5,11) 4(4,5) 560.36
124. 2(4,5,12) 4(4,5) 560.36
125. 2(2,5,7) 4(4,5) 559.49
126. 2(2,6,8) 4(4,5) 559.49
127. 2(5,7,9) 4(4,5) 559.49
128. 2(6,8,9) 4(4,5) 559.49
129. 2(10,12) 4(3,4,5) 559.39
130. 2(2,7,11) 4(3,5) 557.54
131. 2(5,7,11) 4(3,5) 557.54
132. 2(2,5,7,11) 4(5) 557.46
133. 2(1,3,8,12) 4(5) 556.55
134. 2(3,8,10,12) 4(5) 556.55
135. 2(1,6,7,8,11)  556.32
136. 2(3,5,6,7,11)  556.32
137. 2(6,7,8,9,10)  556.32
138. 2(3,7,9) 4(3,5) 555.71
139. 2(1,7,11) 4(3,5) 555.71
140. 2(2,7,12) 4(3,5) 555.71
141. 2(1,2,7,12) 4(5) 555.63
142. 2(1,7,9,12) 4(5) 555.63
143. 2(2,3,7,10) 4(5) 555.63
144. 2(3,7,9,10) 4(5) 555.63
145. 2(2,7,8,9) 4(5) 554.81
146. 2(1,4) 4(4,5,6) 554.09
147. 2(1,6) 4(4,5,6) 554.09
148. 2(4,6) 4(3,4,5) 552.14
149. 2(6,11) 4(3,4,5) 552.14
150. 2(1,3,7) 4(3,5) 551.99
151. 2(7,10,12) 4(3,5) 551.99
152. 2(1,5,6) 4(4,5) 551.33
153. 2(5,6,10) 4(4,5) 551.33
154. 2(4,11) 4(3,4,5) 551.12
155. 2(9,11) 4(3,4,5) 551.12
156. 2(2,7,9,11) 4(5) 550.98
157. 2(5,7,8,11) 4(5) 550.98
158. 2(2,6,7,8) 4(5) 550.98
159. 2(6,7,8,9) 4(5) 550.98
160. 2(5,7) 4(4,5,6) 550.26
161. 2(6,8) 4(4,5,6) 550.26
162. 2(1,2,7,8) 4(5) 550.17
163. 2(2,3,7,9) 4(5) 550.17
164. 2(2,7,9,12) 4(5) 550.17
165. 2(7,8,9,10) 4(5) 550.17
166. 2(2,7,9) 4(4,5) 548.37
167. 2(4,5,11) 4(4,5) 548.37
168. 2(3,5,7,8) 4(5) 548.28
169. 2(5,7,8,12) 4(5) 548.28
170. 2(1,2,6) 4(4,5) 546.69
171. 2(1,4,5) 4(4,5) 546.69
172. 2(6,9,10) 4(4,5) 546.69
173. 2(5,10,11) 4(4,5) 546.69
174. 2(3,11) 4(3,4,5) 546.48
175. 2(4,12) 4(3,4,5) 546.48
176. 2(1,6,7,9,11)  546.22
177. 2(3,6,7,9,11)  546.22
178. 2(1,4,10) 4(4,5) 545.67
179. 2(1,10,11) 4(4,5) 545.67
180. 2(1,2,5,7) 4(5) 544.66
181. 2(2,3,5,7) 4(5) 544.66
182. 2(5,7,9,10) 4(5) 544.66
183. 2(5,7,9,12) 4(5) 544.66
184. 2(5,6,7,9,11)  544.33
185. 2(6,7,8,9,11)  544.33
186. 2(3,6,7) 4(3,5) 543.72
187. 2(6,7,12) 4(3,5) 543.72
188. 2(1,3,5,7) 4(5) 543.64
189. 2(1,5,7,10) 4(5) 543.64
190. 2(3,5,7,12) 4(5) 543.64
191. 2(5,7,10,12) 4(5) 543.64
192. 2(1,7,8,12) 4(5) 543.64
193. 2(3,7,8,10) 4(5) 543.64
194. 2(4,6,9) 4(4,5) 542.86
195. 2(1,6,12) 4(4,5) 542.86
196. 2(2,6,11) 4(4,5) 542.86
197. 2(3,6,10) 4(4,5) 542.86
198. 2(6,7) 4(3,4,5) 542.85
199. 2(1,3,7,10) 4(5) 542.62
200. 2(1,7,10,12) 4(5) 542.62
201. 2(2,5,8,9) 4(5) 541.14
202. 2(1,2,6,7,11)  540.71
203. 2(2,3,6,7,11)  540.71
204. 2(2,6,7,10,11)  540.71
205. 2(2,6,7,11,12)  540.71
206. 2(1,7) 4(4,5,6) 540.16
207. 2(2,7) 4(4,5,6) 540.16
208. 2(4,8) 4(4,5,6) 540.16
209. 2(6,9) 4(4,5,6) 540.16
210. 2(2,7) 4(3,4,5) 538.21
211. 2(5,6,7) 4(4,5) 538.21
212. 2(7,9) 4(3,4,5) 538.21
213. 2(7) 4(3,4,5,6) 538.18
214. 2(11) 4(3,4,5,6) 538.18
215. 2(4,5,6) 4(4,5) 537.4
216. 2(5,6,11) 4(4,5) 537.4
217. 2(5,8,9,10) 4(5) 536.5
218. 2(5,8,9,12) 4(5) 536.5
219. 2(1,6,7,9) 4(5) 536.24
220. 2(3,6,7,9) 4(5) 536.24
221. 2(1,7,8,11) 4(5) 536.24
222. 2(1,7,9,11) 4(5) 536.24
223. 2(7,8,11) 4(3,5) 535.45
224. 2(7,9,11) 4(3,5) 535.45
225. 2(5,7,9,11) 4(5) 535.37
226. 2(2,7,8,11) 4(5) 535.37
227. 2(1,6,10) 4(4,5) 534.7
228. 2(1,6,7,8) 4(5) 534.35
229. 2(6,7,8,10) 4(5) 534.35
230. 2(2,3,6) 4(4,5) 532.76
231. 2(6,9,12) 4(4,5) 532.76
232. 2(7,9,10) 4(4,5) 532.76
233. 2(5,11,12) 4(4,5) 532.76
234. 2(2,4,12) 4(4,5) 531.74
235. 2(3,9,11) 4(4,5) 531.74
236. 2(1,2,7,11) 4(5) 530.73
237. 2(1,5,7,11) 4(5) 530.73
238. 2(3,5,7,11) 4(5) 530.73
239. 2(2,7,10,11) 4(5) 530.73
240. 2(2,4,11) 4(4,5) 529.85
241. 2(4,9,11) 4(4,5) 529.85
242. 2(1,5,6,7,11)  528.72
243. 2(3,6,7,8,11)  528.72
244. 2(5,6,7,11,12)  528.72
245. 2(6,7,8,10,11)  528.72
246. 2(2,3,7) 4(3,5) 528.11
247. 2(3,7,11) 4(3,5) 528.11
248. 2(7,9,12) 4(3,5) 528.11
249. 2(7,10,11) 4(3,5) 528.11
250. 2(2,3,11) 4(4,5) 526.23
251. 2(4,9,12) 4(4,5) 526.23
252. 2(1,11,12) 4(4,5) 526.23
253. 2(2,11,12) 4(4,5) 526.23
254. 2(3,7,12) 4(3,5) 524.39
255. 2(2,6,7) 4(4,5) 523.47
256. 2(6,7,9) 4(4,5) 523.47
257. 2(3,7,8,9) 4(5) 522.57
258. 2(2,7,8,12) 4(5) 522.57
259. 2(1,3,7,8) 4(5) 521.55
260. 2(12) 4(3,4,5,6) 521.55
261. 2(7,8,10,12) 4(5) 521.55
262. 2(1,3,6) 4(4,5) 520.77
263. 2(2,4,6) 4(4,5) 520.77
264. 2(6,9,11) 4(4,5) 520.77
265. 2(6,10,12) 4(4,5) 520.77
266. 2(3,8,9,12) 4(5) 519.87
267. 2(8,9,10,12) 4(5) 519.87
268. 2(3,4) 4(3,4,5) 518.88
269. 2(11,12) 4(3,4,5) 518.88
270. 2(1,3,6,7,11)  518.62
271. 2(1,2,4) 4(4,5) 518.07
272. 2(9,10,11) 4(4,5) 518.07
273. 2(4,5,7) 4(4,5) 517.96
274. 2(4,6,8) 4(4,5) 517.96
275. 2(5,7,11) 4(4,5) 517.96
276. 2(6,8,11) 4(4,5) 517.96
277. 2(3,12) 4(3,4,5) 517.86
278. 2(4,6,7,8,11)  516.73
279. 2(7,8,12) 4(3,5) 516.12
280. 2(1,3,7,12) 4(5) 515.02
281. 2(3,7,10,12) 4(5) 515.02
282. 2(7,8,9,11) 4(5) 513.28
283. 2(1,6,7,11,12)  513.11
284. 2(3,6,7,10,11)  513.11
285. 2(4,6) 4(4,5,6) 512.56
286. 2(6,10) 4(4,5,6) 512.56
287. 2(4,7) 4(3,4,5) 510.61
288. 2(7,11) 4(3,4,5) 510.61
289. 2(3,7,9,11) 4(5) 508.64
290. 2(6,7,9,10) 4(5) 508.64
291. 2(6,7,9,12) 4(5) 508.64
292. 2(7,8,10,11) 4(5) 508.64
293. 2(6,7,11) 4(3,5) 507.85
294. 2(3,6,12) 4(4,5) 506.84
295. 2(3,6,7,8) 4(5) 506.75
296. 2(6,7,8,12) 4(5) 506.75
297. 2(1,2,3,7) 4(5) 505.94
298. 2(2,3,7,12) 4(5) 505.94
299. 2(3,7,9,12) 4(5) 505.94
300. 2(7,9,10,12) 4(5) 505.94
301. 2(1,6,11) 4(4,5) 505.16
302. 2(4,6,10) 4(4,5) 505.16
303. 2(1,4,11) 4(4,5) 504.14
304. 2(4,10,11) 4(4,5) 504.14
305. 2(2,3,7,11) 4(5) 503.13
306. 2(2,7,11,12) 4(5) 503.13
307. 2(5,7,10,11) 4(5) 503.13
308. 2(5,7,11,12) 4(5) 503.13
309. 2(1,6,7,12) 4(5) 502.11
310. 2(3,6,7,10) 4(5) 502.11
311. 2(4,7,9) 4(4,5) 501.33
312. 2(2,7,11) 4(4,5) 501.33
313. 2(7,8) 4(3,4,5) 501.32
314. 2(6,7,8,11,12)  501.12
315. 2(7,11,12) 4(3,5) 500.51
316. 2(7,9) 4(4,5,6) 498.63
317. 2(7,10) 4(4,5,6) 498.63
318. 2(6,7,8) 4(4,5) 496.68
319. 2(1,6,7) 4(4,5) 495.87
320. 2(6,7,10) 4(4,5) 495.87
321. 2(2,3,7,8) 4(5) 494.97
322. 2(7,8,9,12) 4(5) 494.97
323. 2(3,7) 4(3,4,5) 493.98
324. 2(7,12) 4(3,4,5) 493.98
325. 2(2,6,7,11) 4(5) 493.84
326. 2(1,3,7,11) 4(5) 492.01
327. 2(1,7,10,11) 4(5) 492.01
328. 2(1,7,11) 4(4,5) 491.23
329. 2(3,6,11) 4(4,5) 491.23
330. 2(4,6,12) 4(4,5) 491.23
331. 2(4,7,10) 4(4,5) 491.23
332. 2(6,7,9,10,11)  491.02
333. 2(6,7,9,11,12)  491.02
334. 2(6,7) 4(4,5,6) 486.64
335. 2(7,8) 4(4,5,6) 486.64
336. 2(1,7,11,12) 4(5) 486.5
337. 2(3,7,10,11) 4(5) 486.5
338. 2(5,6,7,11) 4(5) 481.85
339. 2(6,7,8,11) 4(5) 481.85
340. 2(3,7,8,11) 4(5) 481.04
341. 2(7,9,10,11) 4(5) 481.04
342. 2(3,6,7,12) 4(5) 480.02
343. 2(6,7,10,12) 4(5) 480.02
344. 2(2,4,7) 4(4,5) 479.24
345. 2(7,9,11) 4(4,5) 479.24
346. 2(1,4,6) 4(4,5) 477.56
347. 2(6,10,11) 4(4,5) 477.56
348. 2(10,11,12) 4(4,5) 476.54
349. 2(9,11,12) 4(4,5) 476.54
350. 2(6,7,9,11) 4(5) 471.75
351. 2(3,7) 4(4,5,6) 471.03
352. 2(4,7) 4(4,5,6) 471.03
353. 2(3,7,8,12) 4(5) 466.35
354. 2(1,4,7) 4(4,5) 463.63
355. 2(3,4,6) 4(4,5) 463.63
356. 2(6,11,12) 4(4,5) 463.63
357. 2(7,10,11) 4(4,5) 463.63
358. 2(6,7,10,11,12)  463.42
359. 2(4,6,7,11,12)  463.42
360. 2(3,4,11) 4(4,5) 462.61
361. 2(4,11,12) 4(4,5) 462.61
362. 2(3,6,7) 4(4,5) 454.34
363. 2(6,7,12) 4(4,5) 454.34
364. 2(7,8,11,12) 4(5) 453.44
365. 2(7,9,11,12) 4(5) 453.44
366. 2(4,6,11) 4(4,5) 451.64
367. 2(1,6,7,11) 4(5) 439.51
368. 2(3,6,7,11) 4(5) 439.51
369. 2(3,7,11,12) 4(5) 436.81
370. 2(7,10,11,12) 4(5) 436.81
371. 2(7,11) 4(4,5,6) 429.5
372. 2(4,6,7) 4(4,5) 426.74
373. 2(6,7,11) 4(4,5) 426.74
374. 2(3,7,11) 4(4,5) 422.1
375. 2(4,7,12) 4(4,5) 422.1
376. 2(6,7,10,11) 4(5) 411.91
377. 2(6,7,11,12) 4(5) 411.91
378. 2(4,7,11) 4(4,5) 410.11
379. 2(7,11,12) 4(4,5) 394.5
380. 2(4,6,7,11) 4(5) 375.02
