1. 2(1,7,9) 4(1,2,3,4,5,6) 561.26
2. 2(2,7,10) 4(1,2,3,4,5,6) 561.26
3. 2(1,2,3,11) 4(2,3,4,5,6) 558.48
4. 2(6,7,9) 4(1,2,3,4,5,6) 557.93
5. 2(6,7,8) 4(1,2,3,4,5,6) 557.4
6. 2(1,3,5,6,12) 4(3,4,5,6) 556.66
7. 2(1,2,7,9) 4(2,3,4,5,6) 556.42
8. 2(1,3,7,9) 4(2,3,4,5,6) 556.42
9. 2(1,2,7,10) 4(2,3,4,5,6) 556.42
10. 2(2,4,7,10) 4(2,3,4,5,6) 556.42
11. 2(2,7,11) 4(1,2,3,4,5,6) 556.4
12. 2(5,7,11) 4(1,2,3,4,5,6) 556.4
13. 2(1,2,3,6,10) 4(3,4,5,6) 556.2
14. 2(1,3,4,5,10) 4(3,4,5,6) 556.2
15. 2(1,3,5,7) 4(2,3,4,5,6) 556.18
16. 2(2,4,5,7) 4(2,3,4,5,6) 556.18
17. 2(1,3,9,11) 4(2,3,4,5,6) 556.14
18. 2(2,4,7,9) 4(2,3,4,5,6) 555.9
19. 2(1,3,7,10) 4(2,3,4,5,6) 555.9
20. 2(1,2,4,11) 4(2,3,4,5,6) 555.15
21. 2(2,3,4,11) 4(2,3,4,5,6) 555.15
22. 2(1,3,5,7,10) 4(3,4,5,6) 555.13
23. 2(1,3,6,8,10) 4(3,4,5,6) 555.13
24. 2(2,4,9,11) 4(2,3,4,5,6) 555.09
25. 2(1,2,6,7,9) 4(3,4,5,6) 554.89
26. 2(1,4,7,9) 4(2,3,4,5,6) 554.89
27. 2(1,2,7,11) 4(2,3,4,5,6) 554.89
28. 2(1,2,7,12) 4(2,3,4,5,6) 554.89
29. 2(1,4,5,8,11) 4(3,4,5,6) 554.89
30. 2(2,3,7,10) 4(2,3,4,5,6) 554.89
31. 2(2,4,5,6,12) 4(3,4,5,6) 554.89
32. 2(1,2,7,9,11) 4(2,3,4,5) 554.83
33. 2(2,4,7,9,10) 4(2,3,4,5) 554.83
34. 2(1,2,4,5,8,10) 4(4,5,6) 554.42
35. 2(1,2,3,5,6,9) 4(4,5,6) 554.42
36. 2(1,2,4,9,10,11) 4(3,4,5) 554.3
37. 2(1,3,5,6,10,12) 4(3,4,5) 554.3
38. 2(1,2,6,7,10) 4(3,4,5,6) 554.14
39. 2(1,3,4,5,11) 4(3,4,5,6) 554.14
40. 2(1,3,5,6,11) 4(3,4,5,6) 554.14
41. 2(1,2,4,7,10) 4(3,4,5,6) 554.14
42. 2(1,2,5,6,7) 4(3,4,5,6) 553.9
43. 2(1,4,5,6,8) 4(3,4,5,6) 553.9
44. 2(1,5,6,7,8) 4(3,4,5,6) 553.84
45. 2(2,6,7,9) 4(2,3,4,5,6) 553.84
46. 2(1,3,4,9,11) 4(2,3,4,5) 553.8
47. 2(1,3,5,6,7) 4(3,4,5,6) 553.62
48. 2(1,3,5,6,8) 4(3,4,5,6) 553.62
49. 2(1,6,7,8) 4(2,3,4,5,6) 553.6
50. 2(2,6,7,8) 4(2,3,4,5,6) 553.6
51. 2(1,7,11) 4(1,2,3,4,5,6) 553.59
52. 2(1,2,6,7) 4(2,3,4,5,6) 553.37
53. 2(2,3,6,7) 4(2,3,4,5,6) 553.37
54. 2(2,3,5,6,11) 4(3,4,5,6) 553.36
55. 2(2,4,5,7,10) 4(3,4,5,6) 553.36
56. 2(1,2,5,6,7,9) 4(4,5,6) 553.35
57. 2(2,3,4,5,6,9) 4(4,5,6) 553.35
58. 2(1,2,5,7,8,10) 4(4,5,6) 553.35
59. 2(2,4,5,6,8,10) 4(4,5,6) 553.35
60. 2(2,4,9,11,12) 4(2,3,4,5) 553.28
61. 2(1,2,11,12) 4(2,3,4,5,6) 553.08
62. 2(1,3,5,6,9,11) 4(3,4,5) 553.05
63. 2(1,2,6,7,9,10) 4(3,4,5) 553.05
64. 2(1,3,4,9,10,11) 4(3,4,5) 553.01
65. 2(1,2,4,10,11,12) 4(3,4,5) 553.01
66. 2(1,2,3,6,10,12) 4(3,4,5) 553.01
67. 2(1,3,6,9,10,12) 4(3,4,5) 553.01
68. 2(1,3,5,6,10) 4(3,4,5,6) 552.87
69. 2(1,2,5,6,7,8) 4(4,5,6) 552.83
70. 2(2,4,5,6,8,9) 4(4,5,6) 552.83
71. 2(1,2,3,6,9,10,12) 4(4,5) 552.72
72. 2(1,2,3,7) 4(2,3,4,5,6) 552.62
73. 2(1,2,4,7) 4(2,3,4,5,6) 552.62
74. 2(1,4,5,6,12) 4(3,4,5,6) 552.61
75. 2(3,4,5,6,10) 4(3,4,5,6) 552.61
76. 2(1,2,3,6,11) 4(3,4,5,6) 552.61
77. 2(1,2,4,6,12) 4(3,4,5,6) 552.61
78. 2(1,2,5,7,10) 4(3,4,5,6) 552.61
79. 2(1,4,5,7,10) 4(3,4,5,6) 552.61
80. 2(1,4,6,8,10) 4(3,4,5,6) 552.61
81. 2(2,3,4,6,10) 4(3,4,5,6) 552.61
82. 2(1,3,4,11) 4(2,3,4,5,6) 552.34
83. 2(1,2,3,6,12) 4(3,4,5,6) 552.33
84. 2(1,2,3,7,10) 4(3,4,5,6) 552.33
85. 2(1,3,4,5,12) 4(3,4,5,6) 552.33
86. 2(1,3,5,10,11) 4(3,4,5,6) 552.33
87. 2(1,4,9,11,12) 4(2,3,4,5) 552.27
88. 2(3,4,9,10,11) 4(2,3,4,5) 552.27
89. 2(1,2,3,5,9,10,11) 4(4,5) 552.26
90. 2(1,2,4,5,9,10,12) 4(4,5) 552.26
91. 2(1,2,7,9,10) 4(2,3,4,5) 552.03
92. 2(1,3,7,9,11) 4(2,3,4,5) 552.03
93. 2(2,4,7,10,12) 4(2,3,4,5) 552.03
94. 2(1,4,5,7) 4(2,3,4,5,6) 551.84
95. 2(3,4,5,7) 4(2,3,4,5,6) 551.84
96. 2(1,4,5,7,9) 4(3,4,5,6) 551.83
97. 2(1,2,5,7,11) 4(3,4,5,6) 551.83
98. 2(1,2,6,8,11) 4(3,4,5,6) 551.83
99. 2(1,4,5,6,8,9) 4(4,5,6) 551.82
100. 2(1,2,4,5,7,9) 4(4,5,6) 551.82
101. 2(1,2,4,6,8,9) 4(4,5,6) 551.82
102. 2(1,2,3,5,7,10) 4(4,5,6) 551.82
103. 2(1,3,4,10,12) 4(3,4,5,6) 551.52
104. 2(1,3,6,10,12) 4(3,4,5,6) 551.52
105. 2(2,4,5,6,11) 4(3,4,5,6) 551.32
106. 2(2,4,5,6,7) 4(3,4,5,6) 551.32
107. 2(1,4,9,11) 4(2,3,4,5,6) 551.28
108. 2(3,4,9,11) 4(2,3,4,5,6) 551.28
109. 2(2,4,10,11) 4(2,3,4,5,6) 551.28
110. 2(2,4,11,12) 4(2,3,4,5,6) 551.28
111. 2(1,2,3,6,9,11) 4(3,4,5) 551.24
112. 2(1,2,4,7,9,10) 4(3,4,5) 551.24
113. 2(1,3,6,7,9,10) 4(3,4,5) 551.24
114. 2(1,2,6,7,10,12) 4(3,4,5) 551.24
115. 2(1,2,7,9,10,11) 4(3,4,5) 551.24
116. 2(1,3,5,6,11,12) 4(3,4,5) 551.24
117. 2(2,4,6,9,10,12) 4(3,4,5) 551.24
118. 2(3,4,5,6,10,12) 4(3,4,5) 551.24
119. 2(1,3,4,9,10,12) 4(3,4,5) 551.2
120. 2(1,2,3,10,11,12) 4(3,4,5) 551.2
121. 2(1,2,4,5,9,11,12) 4(4,5) 551.19
122. 2(2,3,4,5,9,10,11) 4(4,5) 551.19
123. 2(2,3,4,5,6) 4(3,4,5,6) 551.09
124. 2(2,4,7,9,11) 4(2,3,4,5) 550.98
125. 2(1,2,6,7,8,9,10) 4(4,5) 550.95
126. 2(1,3,5,6,8,9,11) 4(4,5) 550.95
127. 2(2,4,5,6,8,10,12) 4(4,5) 550.95
128. 2(1,3,6,7,8,9,10) 4(3,5) 550.89
129. 2(1,2,6,7,8,10,12) 4(3,5) 550.89
130. 2(1,5,7,12) 4(2,3,4,5,6) 550.78
131. 2(2,5,7,11) 4(2,3,4,5,6) 550.78
132. 2(1,2,3,5,7,9,10,12) 4(5) 550.59
133. 2(1,4,7,9,10) 4(2,3,4,5) 550.5
134. 2(1,2,7,10,11) 4(2,3,4,5) 550.5
135. 2(5,6,7,8) 4(2,3,4,5,6) 550.49
136. 2(1,2,3,6,9,10) 4(3,4,5) 550.49
137. 2(1,2,4,6,10,12) 4(3,4,5) 550.49
138. 2(1,2,6,9,10,12) 4(3,4,5) 550.49
139. 2(1,3,6,9,10,11) 4(3,4,5) 550.49
140. 2(1,3,4,5,6) 4(3,4,5,6) 550.34
141. 2(1,2,4,6,10) 4(3,4,5,6) 550.34
142. 2(1,3,6,7,9) 4(3,4,5,6) 550.27
143. 2(1,2,7,8,10) 4(3,4,5,6) 550.27
144. 2(1,4,7,8,10) 4(3,4,5,6) 550.27
145. 2(3,4,5,6,12) 4(3,4,5,6) 550.27
146. 2(1,4,8,10,11) 4(3,4,5,6) 550.27
147. 2(2,4,6,10,12) 4(3,4,5,6) 550.27
148. 2(3,6,7) 4(1,2,3,4,5,6) 550.26
149. 2(6,7,12) 4(1,2,3,4,5,6) 550.26
150. 2(1,6,7,8,9) 4(2,3,4,5) 550.24
151. 2(2,6,7,8,10) 4(2,3,4,5) 550.24
152. 2(1,2,3,5,6,9,11) 4(4,5) 550.2
153. 2(1,2,3,5,6,9,12) 4(4,5) 550.2
154. 2(2,3,5,6,9,10,12) 4(4,5) 550.2
155. 2(2,4,5,6,9,10,12) 4(4,5) 550.2
156. 2(1,3,6,7) 4(2,3,4,5,6) 550.04
157. 2(2,4,6,7) 4(2,3,4,5,6) 550.04
158. 2(1,2,6,7,8) 4(3,4,5,6) 550.03
159. 2(1,4,5,7,8) 4(3,4,5,6) 550.03
160. 2(1,5,6,7,9) 4(3,4,5,6) 550.03
161. 2(2,3,5,6,7) 4(3,4,5,6) 550.03
162. 2(3,4,5,6,8) 4(3,4,5,6) 550.03
163. 2(1,5,6,8,11) 4(3,4,5,6) 550.03
164. 2(2,5,6,7,10) 4(3,4,5,6) 550.03
165. 2(4,5,6,8,10) 4(3,4,5,6) 550.03
166. 2(1,4,5,6,9,12) 4(3,4,5) 549.99
167. 2(1,4,5,7,9,10) 4(3,4,5) 549.99
168. 2(1,2,5,6,11,12) 4(3,4,5) 549.99
169. 2(1,2,5,7,10,11) 4(3,4,5) 549.99
170. 2(1,2,5,6,8,9,11) 4(4,5) 549.96
171. 2(2,4,5,6,8,9,10) 4(4,5) 549.96
172. 2(2,4,5,6,8,9,11) 4(4,5) 549.9
173. 2(1,3,6,7,9,10,12) 4(3,5) 549.86
174. 2(1,6,7,8,10) 4(3,4,5,6) 549.75
175. 2(1,5,7,8,10) 4(3,4,5,6) 549.75
176. 2(1,3,6,7,9) 4(2,3,4,5) 549.73
177. 2(2,3,6,7,9) 4(2,3,4,5) 549.73
178. 2(2,6,7,9,12) 4(2,3,4,5) 549.73
179. 2(1,2,4,6,9,12) 4(3,4,5) 549.71
180. 2(2,3,4,6,9,10) 4(3,4,5) 549.71
181. 2(1,2,6,9,11,12) 4(3,4,5) 549.71
182. 2(2,3,6,9,10,11) 4(3,4,5) 549.71
183. 2(1,3,5,7,9,10) 4(3,4,5) 549.71
184. 2(1,2,5,7,10,12) 4(3,4,5) 549.71
185. 2(1,3,5,7,10,11) 4(3,4,5) 549.71
186. 2(1,4,5,7,10,12) 4(3,4,5) 549.71
187. 2(2,4,5,6,9,11) 4(3,4,5) 549.71
188. 2(1,5,6,7,8,10) 4(3,4,5) 549.71
189. 2(1,2,3,5,6,10,12) 4(4,5) 549.67
190. 2(1,3,5,6,9,10,12) 4(4,5) 549.67
191. 2(1,2,4,5,7) 4(3,4,5,6) 549.56
192. 2(1,2,5,6,11) 4(3,4,5,6) 549.56
193. 2(1,2,5,6,8,9) 4(4,5,6) 549.56
194. 2(1,2,5,6,8,10) 4(4,5,6) 549.56
195. 2(1,2,4,5,6,8) 4(4,5,6) 549.56
196. 2(1,2,4,5,6,9) 4(4,5,6) 549.56
197. 2(1,6,7,9) 4(2,3,4,5,6) 549.51
198. 2(3,6,7,9) 4(2,3,4,5,6) 549.51
199. 2(2,6,7,10) 4(2,3,4,5,6) 549.51
200. 2(2,6,7,12) 4(2,3,4,5,6) 549.51
201. 2(1,2,6,7,8,9) 4(4,5,6) 549.48
202. 2(1,3,5,6,7,9) 4(4,5,6) 549.48
203. 2(2,3,5,6,7,9) 4(4,5,6) 549.48
204. 2(1,2,6,7,8,10) 4(4,5,6) 549.48
205. 2(2,4,5,7,8,10) 4(4,5,6) 549.48
206. 2(1,2,3,7,9,10) 4(4,5,6) 549.48
207. 2(1,2,4,7,9,10) 4(4,5,6) 549.48
208. 2(1,4,5,7,8,10) 4(4,5,6) 549.48
209. 2(1,2,3,5,6,7,9,11,12)  549.43
210. 2(1,2,3,6,7,8,9,10,11)  549.43
211. 2(1,2,5,6,7,9,12) 4(4,5) 549.42
212. 2(2,3,5,6,7,9,10) 4(4,5) 549.42
213. 2(1,3,6,7,8,10,12) 4(3,5) 549.33
214. 2(2,6,7,9,11) 4(2,3,4,5) 549.21
215. 2(1,3,4,5,6,9) 4(4,5,6) 549.02
216. 2(1,2,4,5,7,10) 4(4,5,6) 549.02
217. 2(1,2,4,6,8,10) 4(4,5,6) 549.02
218. 2(1,2,5,7,9,10) 4(4,5,6) 549.02
219. 2(2,3,4,5,6,10) 4(4,5,6) 549.02
220. 2(1,2,3,5,7,9) 4(4,5,6) 549.02
221. 2(1,3,6,7,10) 4(3,4,5,6) 549.0
222. 2(1,3,4,10,11) 4(3,4,5,6) 549.0
223. 2(1,4,7,9,12) 4(2,3,4,5) 548.97
224. 2(1,2,7,11,12) 4(2,3,4,5) 548.97
225. 2(2,3,7,10,11) 4(2,3,4,5) 548.97
226. 2(1,5,6,7,8,9) 4(4,5,6) 548.96
227. 2(2,5,6,7,8,10) 4(4,5,6) 548.96
228. 2(2,4,5,6,7,9) 4(4,5,6) 548.96
229. 2(1,3,4,6,9,10) 4(3,4,5) 548.96
230. 2(1,3,5,7,8,10) 4(4,5,6) 548.96
231. 2(1,2,3,6,10,11) 4(3,4,5) 548.96
232. 2(1,4,6,9,10,12) 4(3,4,5) 548.96
233. 2(1,2,6,10,11,12) 4(3,4,5) 548.96
234. 2(3,4,5,6,9,11) 4(3,4,5) 548.94
235. 2(2,4,5,6,11,12) 4(3,4,5) 548.94
236. 2(1,3,5,6,7,9) 4(3,4,5) 548.94
237. 2(1,2,6,7,8,10) 4(3,4,5) 548.94
238. 2(1,2,6,7,9,11) 4(3,4,5) 548.94
239. 2(1,6,7,8,9,10) 4(3,4,5) 548.94
240. 2(2,5,6,7,10,12) 4(3,4,5) 548.94
241. 2(2,4,6,7,9,10) 4(3,4,5) 548.94
242. 2(1,2,4,5,9,10,11) 4(4,5) 548.92
243. 2(1,2,4,9,11,12) 4(3,4,5) 548.9
244. 2(1,3,5,7,10,12) 4(3,4,5) 548.9
245. 2(2,3,7,9) 4(2,3,4,5,6) 548.76
246. 2(1,3,7,11) 4(2,3,4,5,6) 548.76
247. 2(1,4,7,10) 4(2,3,4,5,6) 548.76
248. 2(2,4,7,12) 4(2,3,4,5,6) 548.76
249. 2(1,2,6,7,12) 4(3,4,5,6) 548.74
250. 2(1,3,5,7,11) 4(3,4,5,6) 548.74
251. 2(1,3,6,8,11) 4(3,4,5,6) 548.74
252. 2(1,4,7,9,10) 4(3,4,5,6) 548.74
253. 2(2,3,6,7,10) 4(3,4,5,6) 548.74
254. 2(1,2,7,10,11) 4(3,4,5,6) 548.74
255. 2(1,4,5,11,12) 4(3,4,5,6) 548.74
256. 2(3,4,5,10,11) 4(3,4,5,6) 548.74
257. 2(1,2,4,5,6,9,12) 4(4,5) 548.67
258. 2(1,2,4,5,7,9,10) 4(4,5) 548.67
259. 2(1,2,4,6,8,9,10) 4(4,5) 548.67
260. 2(2,3,4,5,6,9,10) 4(4,5) 548.67
261. 2(1,2,5,6,9,11,12) 4(4,5) 548.67
262. 2(1,2,5,7,9,10,11) 4(4,5) 548.67
263. 2(1,2,6,8,9,10,11) 4(4,5) 548.67
264. 2(2,3,5,6,9,10,11) 4(4,5) 548.67
265. 2(1,2,3,4) 4(2,3,4,5,6) 548.54
266. 2(1,2,3,6,7,8,9,10) 4(5) 548.54
267. 2(1,2,3,7,8,9,10,11) 4(5) 548.54
268. 2(1,2,6,7,8,9,10,12) 4(5) 548.54
269. 2(1,3,5,7,8,9,10,11) 4(5) 548.54
270. 2(1,3,4,6,10) 4(3,4,5,6) 548.53
271. 2(1,3,7,9,10) 4(3,4,5,6) 548.46
272. 2(1,2,7,10,12) 4(3,4,5,6) 548.46
273. 2(1,3,5,11,12) 4(3,4,5,6) 548.46
274. 2(1,3,8,10,11) 4(3,4,5,6) 548.46
275. 2(2,3,6,10,12) 4(3,4,5,6) 548.46
276. 2(3,4,5,10,12) 4(3,4,5,6) 548.46
277. 2(1,2,3,6,9,10,11) 4(4,5) 548.39
278. 2(1,2,4,6,9,10,12) 4(4,5) 548.39
279. 2(1,3,4,5,9,10,11) 4(4,5) 548.39
280. 2(1,2,4,5,10,11,12) 4(4,5) 548.39
281. 2(1,2,3,7,10,11,12) 4(3,5) 548.33
282. 2(1,3,5,7,10,11,12) 4(3,5) 548.33
283. 2(1,2,5,6,7,8,9,12) 4(5) 548.3
284. 2(2,3,5,6,7,8,9,10) 4(5) 548.3
285. 2(1,2,3,6,7,9,10,12) 4(5) 548.26
286. 2(1,3,7,12) 4(2,3,4,5,6) 548.23
287. 2(2,4,7,11) 4(2,3,4,5,6) 548.23
288. 2(1,5,6,7,12) 4(3,4,5,6) 548.22
289. 2(1,5,6,8,12) 4(3,4,5,6) 548.22
290. 2(3,5,6,7,10) 4(3,4,5,6) 548.22
291. 2(3,5,6,8,10) 4(3,4,5,6) 548.22
292. 2(1,6,7,9,12) 4(2,3,4,5) 548.2
293. 2(2,4,5,7,12) 4(2,3,4,5) 548.2
294. 2(3,5,7,9,11) 4(2,3,4,5) 548.2
295. 2(3,6,7,9,10) 4(2,3,4,5) 548.2
296. 2(1,2,3,6,7,9,12) 4(3,5) 548.09
297. 2(1,3,7,8,9,10,11) 4(3,5) 548.09
298. 2(2,3,6,7,9,10,12) 4(3,5) 548.09
299. 2(1,3,5,6,7,8,9,10) 4(5) 548.01
300. 2(1,3,5,6,7,8,9,12) 4(5) 548.01
301. 2(1,5,7,11) 4(2,3,4,5,6) 547.97
302. 2(3,5,7,11) 4(2,3,4,5,6) 547.97
303. 2(4,5,7,10) 4(2,3,4,5,6) 547.97
304. 2(4,5,7,12) 4(2,3,4,5,6) 547.97
305. 2(1,2,5,6,7,12) 4(4,5,6) 547.95
306. 2(2,3,5,6,7,10) 4(4,5,6) 547.95
307. 2(3,4,5,6,8,10) 4(4,5,6) 547.95
308. 2(1,4,5,7,8,9) 4(4,5,6) 547.95
309. 2(3,4,5,6,8,9) 4(4,5,6) 547.95
310. 2(1,2,5,7,8,11) 4(4,5,6) 547.95
311. 2(1,3,5,7,9,10) 4(4,5,6) 547.95
312. 2(2,4,5,7,9,10) 4(4,5,6) 547.95
313. 2(1,4,5,6,8,9,12) 4(4,5) 547.89
314. 2(1,2,5,6,8,11,12) 4(4,5) 547.89
315. 2(2,3,5,6,8,10,11) 4(4,5) 547.89
316. 2(2,4,5,7,11) 4(2,3,4,5) 547.67
317. 2(4,5,7,9,11) 4(2,3,4,5) 547.67
318. 2(1,2,4,6,9,11) 4(3,4,5) 547.67
319. 2(2,4,6,9,10,11) 4(3,4,5) 547.67
320. 2(1,3,5,6,7,10) 4(3,4,5) 547.67
321. 2(1,5,6,7,10,12) 4(3,4,5) 547.67
322. 2(1,2,6,7,9,12) 4(3,4,5) 547.65
323. 2(1,3,5,7,9,11) 4(3,4,5) 547.65
324. 2(1,4,7,8,9,10) 4(3,4,5) 547.65
325. 2(2,3,6,7,9,10) 4(3,4,5) 547.65
326. 2(3,4,5,6,9,12) 4(3,4,5) 547.65
327. 2(1,2,7,8,10,11) 4(3,4,5) 547.65
328. 2(2,3,5,6,11,12) 4(3,4,5) 547.65
329. 2(2,4,5,7,10,12) 4(3,4,5) 547.65
330. 2(1,2,3,4,9,10,11) 4(4,5) 547.58
331. 2(1,2,4,9,10,11,12) 4(4,5) 547.58
332. 2(2,4,6,7,9) 4(3,4,5,6) 547.45
333. 2(4,5,6,8,11) 4(3,4,5,6) 547.45
334. 2(1,2,4,6,9,10) 4(3,4,5) 547.44
335. 2(1,2,6,9,10,11) 4(3,4,5) 547.44
336. 2(1,3,5,6,10,11) 4(3,4,5) 547.44
337. 2(1,4,5,6,10,12) 4(3,4,5) 547.44
338. 2(1,2,5,6,7,12) 4(3,4,5) 547.41
339. 2(1,2,5,7,9,11) 4(3,4,5) 547.41
340. 2(1,4,5,7,9,11) 4(3,4,5) 547.41
341. 2(1,5,6,7,9,12) 4(3,4,5) 547.41
342. 2(2,3,5,6,7,10) 4(3,4,5) 547.41
343. 2(2,4,5,7,9,10) 4(3,4,5) 547.41
344. 2(3,5,6,7,9,10) 4(3,4,5) 547.41
345. 2(2,4,5,7,10,11) 4(3,4,5) 547.41
346. 2(1,2,5,6,7,8,9) 4(4,5) 547.38
347. 2(2,5,6,7,8,9,10) 4(4,5) 547.38
348. 2(1,2,4,5,6) 4(3,4,5,6) 547.3
349. 2(1,2,3,5,7,8,10,12) 4(5) 547.26
350. 2(1,3,5,7,8,9,10,12) 4(5) 547.26
351. 2(3,4,7,9) 4(2,3,4,5,6) 547.22
352. 2(1,4,7,12) 4(2,3,4,5,6) 547.22
353. 2(2,3,7,11) 4(2,3,4,5,6) 547.22
354. 2(2,4,6,7,10) 4(3,4,5,6) 547.22
355. 2(3,4,5,6,11) 4(3,4,5,6) 547.22
356. 2(3,4,7,10) 4(2,3,4,5,6) 547.22
357. 2(1,2,5,7,12) 4(3,4,5,6) 547.21
358. 2(1,4,5,7,12) 4(3,4,5,6) 547.21
359. 2(1,4,6,8,12) 4(3,4,5,6) 547.21
360. 2(2,3,5,7,10) 4(3,4,5,6) 547.21
361. 2(3,4,5,7,10) 4(3,4,5,6) 547.21
362. 2(3,4,6,8,10) 4(3,4,5,6) 547.21
363. 2(1,2,6,11,12) 4(3,4,5,6) 547.21
364. 2(2,3,6,10,11) 4(3,4,5,6) 547.21
365. 2(1,3,5,6,7,8,10,12) 4(5) 547.21
366. 2(1,2,4,7,9) 4(2,3,4,5) 547.17
367. 2(1,4,7,9,11) 4(2,3,4,5) 547.17
368. 2(2,3,7,9,11) 4(2,3,4,5) 547.17
369. 2(2,4,7,9,12) 4(2,3,4,5) 547.17
370. 2(2,4,7,10,11) 4(2,3,4,5) 547.17
371. 2(2,7,9,10,11) 4(2,3,4,5) 547.17
372. 2(1,2,5,6,7,9,10) 4(4,5) 547.15
373. 2(3,5,6,7,8,10,12) 4(3,5) 547.04
374. 2(1,2,3,5,7,8,10,11) 4(5) 547.01
375. 2(1,2,3,5,7,9,10,11) 4(5) 547.01
376. 2(1,2,3,5,7,9,11,12) 4(5) 547.01
377. 2(1,2,5,7,8,10,11,12) 4(5) 547.01
378. 2(1,4,11,12) 4(2,3,4,5,6) 546.94
379. 2(3,4,10,11) 4(2,3,4,5,6) 546.94
380. 2(2,5,6,7,8) 4(3,4,5,6) 546.92
381. 2(4,5,6,7,8) 4(3,4,5,6) 546.92
382. 2(2,6,7,8,9) 4(2,3,4,5) 546.91
383. 2(1,2,4,7,8,10) 4(4,5,6) 546.68
384. 2(1,2,3,6,7,9) 4(4,5,6) 546.68
385. 2(1,2,6,7,9,10) 4(4,5,6) 546.68
386. 2(1,2,7,8,9,10) 4(4,5,6) 546.68
387. 2(1,2,5,7,11) 4(2,3,4,5) 546.67
388. 2(2,3,5,7,11) 4(2,3,4,5) 546.67
389. 2(2,5,7,10,11) 4(2,3,4,5) 546.67
390. 2(2,5,7,11,12) 4(2,3,4,5) 546.67
391. 2(1,2,3,6,9,12) 4(3,4,5) 546.62
392. 2(1,2,3,7,9,10) 4(3,4,5) 546.62
393. 2(1,2,4,7,10,12) 4(3,4,5) 546.62
394. 2(1,2,7,9,10,12) 4(3,4,5) 546.62
395. 2(1,3,6,9,11,12) 4(3,4,5) 546.62
396. 2(1,3,7,9,10,11) 4(3,4,5) 546.62
397. 2(2,3,4,6,10,12) 4(3,4,5) 546.62
398. 2(2,3,6,9,10,12) 4(3,4,5) 546.62
399. 2(1,3,5,7,9,11,12) 4(3,5) 546.56
400. 2(1,2,7,8,10,11,12) 4(3,5) 546.56
401. 2(1,2,3,6,7) 4(3,4,5,6) 546.47
402. 2(1,4,5,10,11) 4(3,4,5,6) 546.47
403. 2(1,2,3,5,6,9,10) 4(4,5) 546.4
404. 2(1,2,5,6,9,10,12) 4(4,5) 546.4
405. 2(1,2,3,6,7,9,10) 4(4,5) 546.33
406. 2(2,3,4,5,6,9,12) 4(4,5) 546.33
407. 2(1,2,6,7,9,10,12) 4(4,5) 546.33
408. 2(1,3,5,6,9,11,12) 4(4,5) 546.33
409. 2(2,3,4,5,6,10,12) 4(4,5) 546.33
410. 2(2,3,5,6,9,11,12) 4(4,5) 546.33
411. 2(1,2,6,7,8,9,11) 4(3,5) 546.3
412. 2(2,3,5,6,7,9,11) 4(3,5) 546.3
413. 2(1,4,5,6,7) 4(3,4,5,6) 546.23
414. 2(1,2,4,6,11) 4(3,4,5,6) 546.23
415. 2(1,6,7,8,9) 4(3,4,5,6) 546.16
416. 2(3,5,6,7,9) 4(3,4,5,6) 546.16
417. 2(1,5,7,8,11) 4(3,4,5,6) 546.16
418. 2(2,5,6,7,12) 4(3,4,5,6) 546.16
419. 2(2,6,7,8,10) 4(3,4,5,6) 546.16
420. 2(3,5,6,8,11) 4(3,4,5,6) 546.16
421. 2(4,5,6,8,12) 4(3,4,5,6) 546.16
422. 2(4,5,7,8,10) 4(3,4,5,6) 546.16
423. 2(1,4,9,10,11) 4(2,3,4,5) 546.13
424. 2(3,4,9,11,12) 4(2,3,4,5) 546.13
425. 2(2,4,5,6,7,9) 4(3,4,5) 546.12
426. 2(1,5,6,7,8,11) 4(3,4,5) 546.12
427. 2(2,5,6,7,9,11) 4(3,4,5) 546.12
428. 2(4,5,6,7,8,10) 4(3,4,5) 546.12
429. 2(1,3,4,5,6,7,8,9,11)  546.1
430. 2(1,2,5,6,7,9,11) 4(4,5) 546.09
431. 2(1,4,5,6,8,9,11) 4(4,5) 546.09
432. 2(2,4,5,6,7,9,10) 4(4,5) 546.09
433. 2(2,4,5,6,8,10,11) 4(4,5) 546.09
434. 2(1,3,5,6,7,9,10) 4(4,5) 546.09
435. 2(2,3,5,6,8,9,11) 4(4,5) 546.09
436. 2(2,4,5,6,8,9,12) 4(4,5) 546.09
437. 2(1,2,5,6,7,10,12) 4(4,5) 546.09
438. 2(1,3,5,6,7,8,9,11) 4(5) 545.96
439. 2(1,5,6,7,10) 4(3,4,5,6) 545.95
440. 2(1,5,6,8,10) 4(3,4,5,6) 545.95
441. 2(4,5,6,7) 4(2,3,4,5,6) 545.93
442. 2(4,6,7,8) 4(2,3,4,5,6) 545.93
443. 2(3,7,11) 4(1,2,3,4,5,6) 545.92
444. 2(7,10,11) 4(1,2,3,4,5,6) 545.92
445. 2(4,5,6,7,9) 4(3,4,5,6) 545.92
446. 2(2,5,6,7,11) 4(3,4,5,6) 545.92
447. 2(2,4,5,7,11) 4(3,4,5,6) 545.92
448. 2(2,4,6,8,11) 4(3,4,5,6) 545.92
449. 2(1,2,5,6,7,9) 4(3,4,5) 545.89
450. 2(1,5,6,7,9,11) 4(3,4,5) 545.89
451. 2(2,4,5,6,7,10) 4(3,4,5) 545.89
452. 2(2,5,6,7,9,10) 4(3,4,5) 545.89
453. 2(2,3,4,5,6,9,11) 4(4,5) 545.81
454. 2(2,4,5,6,9,11,12) 4(4,5) 545.81
455. 2(1,3,5,6,7,9,11) 4(3,5) 545.79
456. 2(1,3,6,7,8,9,11) 4(3,5) 545.79
457. 2(1,2,3,6,7,9,11) 4(3,5) 545.79
458. 2(1,2,5,6,7,8,9,11) 4(5) 545.72
459. 2(2,3,5,6,7,8,9,11) 4(5) 545.72
460. 2(1,4,6,7,9) 4(3,4,5,6) 545.69
461. 2(1,2,6,7,11) 4(3,4,5,6) 545.69
462. 2(1,4,5,7,11) 4(3,4,5,6) 545.69
463. 2(1,4,6,8,11) 4(3,4,5,6) 545.69
464. 2(1,2,3,4,6,9) 4(4,5,6) 545.69
465. 2(1,2,3,5,6,7) 4(4,5,6) 545.69
466. 2(1,2,4,5,7,8) 4(4,5,6) 545.69
467. 2(1,2,5,7,8,9) 4(4,5,6) 545.69
468. 2(1,3,4,5,6,8) 4(4,5,6) 545.69
469. 2(2,3,4,5,6,8) 4(4,5,6) 545.69
470. 2(1,2,5,6,7,10) 4(4,5,6) 545.69
471. 2(1,4,5,6,8,10) 4(4,5,6) 545.69
472. 2(1,3,5,6,7,8) 4(4,5,6) 545.63
473. 2(2,4,5,6,7,8) 4(4,5,6) 545.63
474. 2(2,5,6,7,8,9) 4(4,5,6) 545.63
475. 2(1,5,6,7,8,10) 4(4,5,6) 545.63
476. 2(1,4,5,6,8,9,10) 4(4,5) 545.62
477. 2(1,2,5,6,8,10,11) 4(4,5) 545.62
478. 2(2,4,5,6,7,8,9,11,12)  545.58
479. 2(1,2,3,5,7,8,9,11) 4(5) 545.49
480. 2(1,2,5,7,8,9,10,11) 4(5) 545.49
481. 2(2,5,6,7,11) 4(2,3,4,5) 545.38
482. 2(2,6,7,8,11) 4(2,3,4,5) 545.38
483. 2(1,2,3,4,10,11) 4(3,4,5) 545.34
484. 2(1,4,9,10,11,12) 4(3,4,5) 545.34
485. 2(1,3,4,6,10,12) 4(3,4,5) 545.34
486. 2(1,3,6,10,11,12) 4(3,4,5) 545.34
487. 2(1,3,5,6,7,8,11) 4(3,5) 545.26
488. 2(1,2,3,5,7,10,11,12) 4(5) 545.19
489. 2(1,4,5,6,9,11) 4(3,4,5) 545.14
490. 2(1,2,5,6,7,10) 4(3,4,5) 545.14
491. 2(1,5,6,7,9,10) 4(3,4,5) 545.14
492. 2(2,4,5,6,10,11) 4(3,4,5) 545.14
493. 2(1,3,7,8,10) 4(3,4,5,6) 545.13
494. 2(3,5,6,10,12) 4(3,4,5,6) 545.13
495. 2(1,3,4,6,9,12) 4(3,4,5) 545.09
496. 2(1,3,4,7,9,10) 4(3,4,5) 545.09
497. 2(1,2,3,6,11,12) 4(3,4,5) 545.09
498. 2(1,2,3,7,10,11) 4(3,4,5) 545.09
499. 2(1,4,7,9,10,12) 4(3,4,5) 545.09
500. 2(3,4,6,9,10,12) 4(3,4,5) 545.09
501. 2(1,2,7,10,11,12) 4(3,4,5) 545.09
502. 2(2,3,6,10,11,12) 4(3,4,5) 545.09
503. 2(1,3,4,10,11,12) 4(3,4,5) 545.06
504. 2(1,3,9,10,11,12) 4(3,4,5) 545.06
505. 2(1,2,3,4,5,9,11) 4(4,5) 545.06
506. 2(2,4,5,9,10,11,12) 4(4,5) 545.06
507. 2(1,2,3,5,7,11,12) 4(3,5) 545.02
508. 2(1,2,5,7,10,11,12) 4(3,5) 545.02
509. 2(2,3,5,7,10,11,12) 4(3,5) 545.02
510. 2(1,3,4,7) 4(2,3,4,5,6) 544.96
511. 2(2,3,4,7) 4(2,3,4,5,6) 544.96
512. 2(1,2,3,5,7) 4(3,4,5,6) 544.94
513. 2(1,3,4,5,7) 4(3,4,5,6) 544.94
514. 2(1,3,4,6,8) 4(3,4,5,6) 544.94
515. 2(1,2,6,10,11) 4(3,4,5,6) 544.94
516. 2(1,7,9,11) 4(2,3,4,5,6) 544.89
517. 2(2,7,9,10) 4(2,3,4,5,6) 544.89
518. 2(1,7,9,10) 4(2,3,4,5,6) 544.89
519. 2(2,7,10,12) 4(2,3,4,5,6) 544.89
520. 2(1,2,3,5,7,9,11) 4(4,5) 544.8
521. 2(1,2,3,6,8,9,11) 4(4,5) 544.8
522. 2(1,3,4,5,6,9,12) 4(4,5) 544.8
523. 2(1,2,3,5,6,11,12) 4(4,5) 544.8
524. 2(2,4,5,7,9,10,12) 4(4,5) 544.8
525. 2(2,4,6,8,9,10,12) 4(4,5) 544.8
526. 2(3,4,5,6,9,10,12) 4(4,5) 544.8
527. 2(2,3,5,6,10,11,12) 4(4,5) 544.8
528. 2(1,2,3,5,7,8,9,10) 4(5) 544.74
529. 2(1,2,5,7,8,9,10,12) 4(5) 544.74
530. 2(1,3,4,6,12) 4(3,4,5,6) 544.66
531. 2(1,3,4,7,10) 4(3,4,5,6) 544.66
532. 2(1,3,6,10,11) 4(3,4,5,6) 544.66
533. 2(1,4,6,10,12) 4(3,4,5,6) 544.66
534. 2(4,6,7,9) 4(2,3,4,5,6) 544.64
535. 2(1,6,7,12) 4(2,3,4,5,6) 544.64
536. 2(2,6,7,11) 4(2,3,4,5,6) 544.64
537. 2(3,5,7,12) 4(2,3,4,5,6) 544.64
538. 2(3,6,7,10) 4(2,3,4,5,6) 544.64
539. 2(4,5,7,11) 4(2,3,4,5,6) 544.64
540. 2(1,4,5,7,9,12) 4(3,4,5) 544.59
541. 2(3,4,5,7,9,10) 4(3,4,5) 544.59
542. 2(1,2,5,7,11,12) 4(3,4,5) 544.59
543. 2(2,3,5,7,10,11) 4(3,4,5) 544.59
544. 2(1,2,5,9,10,11,12) 4(4,5) 544.59
545. 2(1,4,5,6,7,8,9,11,12)  544.57
546. 2(3,4,5,6,7,8,9,10,11)  544.57
547. 2(1,2,3,6,9,11,12) 4(4,5) 544.52
548. 2(1,2,3,7,9,10,11) 4(4,5) 544.52
549. 2(1,2,4,7,9,10,12) 4(4,5) 544.52
550. 2(1,3,4,5,9,11,12) 4(4,5) 544.52
551. 2(2,3,4,6,9,10,12) 4(4,5) 544.52
552. 2(2,3,4,5,10,11,12) 4(4,5) 544.52
553. 2(1,2,3,7,8,9,10,12) 4(5) 544.46
554. 2(1,4,5,6,7,9) 4(3,4,5) 544.36
555. 2(1,2,5,6,7,11) 4(3,4,5) 544.36
556. 2(4,5,6,7,9,10) 4(3,4,5) 544.36
557. 2(2,5,6,7,10,11) 4(3,4,5) 544.36
558. 2(1,2,4,7,10) 4(2,3,4,5) 544.36
559. 2(2,7,9,11) 4(2,3,4,5,6) 544.36
560. 2(1,7,9,10,11) 4(2,3,4,5) 544.36
561. 2(1,7,10,12) 4(2,3,4,5,6) 544.36
562. 2(1,5,6,7,8,12) 4(3,4,5) 544.31
563. 2(2,4,5,7,9,11) 4(3,4,5) 544.31
564. 2(1,2,4,6,8,9,11) 4(4,5) 544.28
565. 2(2,4,5,7,9,10,11) 4(4,5) 544.28
566. 2(2,4,6,8,9,10,11) 4(4,5) 544.28
567. 2(1,2,4,5,7,9,11) 4(4,5) 544.28
568. 2(1,2,6,7,8,10,11) 4(3,5) 544.26
569. 2(1,2,6,7,9,11,12) 4(3,5) 544.26
570. 2(2,3,5,6,7,11,12) 4(3,5) 544.26
571. 2(2,3,6,7,9,10,11) 4(3,5) 544.26
572. 2(5,6,7,8,11) 4(2,3,4,5) 544.09
573. 2(1,2,5,7,8,9,11,12) 4(5) 543.96
574. 2(2,3,5,7,8,9,10,11) 4(5) 543.96
575. 2(1,4,5,6,11,12) 4(3,4,5) 543.86
576. 2(1,5,6,9,11,12) 4(3,4,5) 543.86
577. 2(3,4,5,6,10,11) 4(3,4,5) 543.86
578. 2(3,5,6,9,10,11) 4(3,4,5) 543.86
579. 2(1,2,4,5,7,10) 4(3,4,5) 543.86
580. 2(1,2,5,7,9,10) 4(3,4,5) 543.86
581. 2(1,4,6,7,9,10) 4(3,4,5) 543.86
582. 2(1,2,6,7,10,11) 4(3,4,5) 543.86
583. 2(1,4,5,7,10,11) 4(3,4,5) 543.86
584. 2(1,5,7,9,10,11) 4(3,4,5) 543.86
585. 2(4,5,6,9,10,12) 4(3,4,5) 543.86
586. 2(2,5,6,10,11,12) 4(3,4,5) 543.86
587. 2(1,2,4,7,9,11) 4(3,4,5) 543.8
588. 2(1,3,5,6,7,12) 4(3,4,5) 543.8
589. 2(1,3,6,7,8,10) 4(3,4,5) 543.8
590. 2(2,3,4,6,9,11) 4(3,4,5) 543.8
591. 2(1,6,7,8,10,12) 4(3,4,5) 543.8
592. 2(2,4,6,9,11,12) 4(3,4,5) 543.8
593. 2(2,4,7,9,10,11) 4(3,4,5) 543.8
594. 2(3,5,6,7,10,12) 4(3,4,5) 543.8
595. 2(1,5,6,7,8,11,12) 4(3,5) 543.73
596. 2(3,5,6,7,8,10,11) 4(3,5) 543.73
597. 2(1,3,4,5,7,9) 4(4,5,6) 543.62
598. 2(1,3,4,6,8,9) 4(4,5,6) 543.62
599. 2(1,2,3,5,7,11) 4(4,5,6) 543.62
600. 2(1,4,5,7,9,10) 4(4,5,6) 543.62
601. 2(1,4,6,8,9,10) 4(4,5,6) 543.62
602. 2(2,3,4,5,7,10) 4(4,5,6) 543.62
603. 2(2,3,5,7,9,10) 4(4,5,6) 543.62
604. 2(1,2,5,7,10,11) 4(4,5,6) 543.62
605. 2(1,3,5,7,12) 4(3,4,5,6) 543.6
606. 2(1,3,6,8,12) 4(3,4,5,6) 543.6
607. 2(1,5,7,10,12) 4(3,4,5,6) 543.6
608. 2(1,6,8,10,12) 4(3,4,5,6) 543.6
609. 2(1,2,3,6,7,10) 4(3,4,5) 543.57
610. 2(1,3,4,5,6,12) 4(3,4,5) 543.57
611. 2(1,3,4,6,9,11) 4(3,4,5) 543.57
612. 2(1,2,4,7,10,11) 4(3,4,5) 543.57
613. 2(1,4,7,9,10,11) 4(3,4,5) 543.57
614. 2(1,6,7,9,10,12) 4(3,4,5) 543.57
615. 2(2,4,6,10,11,12) 4(3,4,5) 543.57
616. 2(3,5,6,10,11,12) 4(3,4,5) 543.57
617. 2(1,5,6,7,8,9,11) 4(4,5) 543.51
618. 2(2,4,5,6,7,8,10) 4(4,5) 543.51
619. 2(1,4,5,6,11) 4(3,4,5,6) 543.43
620. 2(1,2,4,6,7) 4(3,4,5,6) 543.43
621. 2(1,2,3,6,7,8,10,12) 4(5) 543.39
622. 2(1,3,6,7,8,9,10,12) 4(5) 543.39
623. 2(1,2,3,7,9,10,11,12) 4(5) 543.39
624. 2(1,3,5,7,8,10,11,12) 4(5) 543.39
625. 2(4,7,9,10) 4(2,3,4,5,6) 543.36
626. 2(2,7,10,11) 4(2,3,4,5,6) 543.36
627. 2(2,3,6,7,9) 4(3,4,5,6) 543.36
628. 2(1,2,5,6,8,9,10) 4(4,5) 543.36
629. 2(1,7,9,12) 4(2,3,4,5,6) 543.36
630. 2(2,4,7,8,10) 4(3,4,5,6) 543.36
631. 2(3,4,5,8,11) 4(3,4,5,6) 543.36
632. 2(3,7,9,10) 4(2,3,4,5,6) 543.36
633. 2(1,2,3,5,6,7,9) 4(4,5) 543.28
634. 2(2,5,6,7,9,10,12) 4(4,5) 543.28
635. 2(1,2,4,5,7,9,12) 4(4,5) 543.27
636. 2(1,2,4,6,8,9,12) 4(4,5) 543.27
637. 2(1,2,5,7,9,11,12) 4(4,5) 543.27
638. 2(1,2,6,8,9,11,12) 4(4,5) 543.27
639. 2(2,3,5,7,9,10,11) 4(4,5) 543.27
640. 2(2,3,6,8,9,10,11) 4(4,5) 543.27
641. 2(1,2,5,7,10,11,12) 4(4,5) 543.27
642. 2(1,2,6,8,10,11,12) 4(4,5) 543.27
643. 2(1,2,3,6,7,8,10) 4(3,5) 543.22
644. 2(1,3,6,7,8,9,12) 4(3,5) 543.22
645. 2(1,3,5,6,7,11,12) 4(3,5) 543.22
646. 2(1,3,6,7,8,10,11) 4(3,5) 543.22
647. 2(1,6,7,8,9,10,12) 4(3,5) 543.22
648. 2(2,3,6,7,8,10,12) 4(3,5) 543.22
649. 2(2,5,6,7,8,9,11) 4(4,5) 542.98
650. 2(2,4,5,6,7,8,9) 4(4,5) 542.98
651. 2(3,5,6,7,8,9,11) 4(3,5) 542.97
652. 2(1,2,5,6,7,8,11,12) 4(5) 542.9
653. 2(2,3,5,6,7,8,10,11) 4(5) 542.9
654. 2(1,7,9,11,12) 4(2,3,4,5) 542.83
655. 2(3,7,9,10,11) 4(2,3,4,5) 542.83
656. 2(4,7,9,10,12) 4(2,3,4,5) 542.83
657. 2(2,7,10,11,12) 4(2,3,4,5) 542.83
658. 2(2,4,9,10,11,12) 4(3,4,5) 542.76
659. 2(1,3,6,7,10,12) 4(3,4,5) 542.76
660. 2(1,2,5,6,7,11,12) 4(3,5) 542.73
661. 2(1,2,6,7,8,11,12) 4(3,5) 542.73
662. 2(2,3,5,6,7,10,11) 4(3,5) 542.73
663. 2(2,3,6,7,8,10,11) 4(3,5) 542.73
664. 2(1,2,3,4,6) 4(3,4,5,6) 542.68
665. 2(1,4,5,6,10) 4(3,4,5,6) 542.68
666. 2(2,4,5,6,7,8,9,11) 4(5) 542.61
667. 2(1,3,4,8,11) 4(3,4,5,6) 542.61
668. 2(1,6,7,9,10) 4(3,4,5,6) 542.61
669. 2(2,3,4,6,12) 4(3,4,5,6) 542.61
670. 2(4,5,6,10,12) 4(3,4,5,6) 542.61
671. 2(6,7,11) 4(1,2,3,4,5,6) 542.59
672. 2(1,6,7,8,11) 4(2,3,4,5) 542.57
673. 2(3,5,6,7,11) 4(2,3,4,5) 542.57
674. 2(6,7,8,9,10) 4(2,3,4,5) 542.57
675. 2(1,2,4,5,6,10,12) 4(4,5) 542.53
676. 2(1,3,5,6,9,10,11) 4(4,5) 542.53
677. 2(1,2,5,7,8) 4(3,4,5,6) 542.36
678. 2(1,4,6,7,8) 4(3,4,5,6) 542.36
679. 2(3,4,5,6,7) 4(3,4,5,6) 542.36
680. 2(1,5,6,7,11) 4(3,4,5,6) 542.36
681. 2(4,5,6,7,10) 4(3,4,5,6) 542.36
682. 2(1,2,4,7,11) 4(3,4,5,6) 542.36
683. 2(2,3,4,6,11) 4(3,4,5,6) 542.36
684. 2(2,4,6,10,11) 4(3,4,5,6) 542.36
685. 2(3,5,6,7,8) 4(3,4,5,6) 542.31
686. 2(5,6,7,8,10) 4(3,4,5,6) 542.31
687. 2(1,2,4,5,6,8,9) 4(4,5) 542.29
688. 2(2,5,6,8,9,10,11) 4(4,5) 542.29
689. 2(1,2,6,7,8,9,11) 4(4,5) 542.22
690. 2(1,3,5,6,7,9,12) 4(4,5) 542.22
691. 2(2,3,5,6,7,9,11) 4(4,5) 542.22
692. 2(2,4,5,6,7,9,12) 4(4,5) 542.22
693. 2(2,4,6,7,8,9,10) 4(4,5) 542.22
694. 2(3,4,5,6,8,9,11) 4(4,5) 542.22
695. 2(2,3,5,6,7,10,12) 4(4,5) 542.22
696. 2(2,4,5,6,8,11,12) 4(4,5) 542.22
697. 2(1,3,7,8,10,11,12) 4(3,5) 542.19
698. 2(1,3,7,9,10,11,12) 4(3,5) 542.19
699. 2(2,3,5,6,7,8,9,12) 4(5) 542.16
700. 2(2,5,6,7,8,9,10,12) 4(5) 542.16
701. 2(1,3,6,7,8) 4(3,4,5,6) 542.08
702. 2(1,3,5,7,8) 4(3,4,5,6) 542.08
703. 2(6,7,8,9) 4(2,3,4,5,6) 542.06
704. 2(1,6,7,9,10) 4(2,3,4,5) 542.06
705. 2(1,6,7,9,11) 4(2,3,4,5) 542.06
706. 2(3,6,7,9,11) 4(2,3,4,5) 542.06
707. 2(3,6,7,9,12) 4(2,3,4,5) 542.06
708. 2(6,7,8,10) 4(2,3,4,5,6) 542.06
709. 2(1,2,4,6,11,12) 4(3,4,5) 542.04
710. 2(1,4,6,9,11,12) 4(3,4,5) 542.04
711. 2(2,3,4,6,10,11) 4(3,4,5) 542.04
712. 2(3,4,6,9,10,11) 4(3,4,5) 542.04
713. 2(1,2,3,5,7,10) 4(3,4,5) 542.04
714. 2(1,3,4,5,7,10) 4(3,4,5) 542.04
715. 2(1,5,7,9,10,12) 4(3,4,5) 542.04
716. 2(1,5,7,10,11,12) 4(3,4,5) 542.04
717. 2(1,2,6,7,8,9) 4(3,4,5) 542.02
718. 2(2,3,5,6,7,9) 4(3,4,5) 542.02
719. 2(1,6,7,8,9,11) 4(3,4,5) 542.02
720. 2(2,4,5,6,7,12) 4(3,4,5) 542.02
721. 2(2,4,6,7,8,10) 4(3,4,5) 542.02
722. 2(2,5,6,7,9,12) 4(3,4,5) 542.02
723. 2(2,6,7,8,9,10) 4(3,4,5) 542.02
724. 2(3,5,6,7,9,11) 4(3,4,5) 542.02
725. 2(2,4,5,6,9,10,11) 4(4,5) 542.01
726. 2(4,5,6,7,8,9) 4(3,4,5) 542.01
727. 2(1,2,4,5,6,9,11) 4(4,5) 542.01
728. 2(2,5,6,7,8,11) 4(3,4,5) 542.01
729. 2(1,4,5,6,7,8,9) 4(4,5) 541.98
730. 2(1,2,5,6,7,8,11) 4(4,5) 541.98
731. 2(4,5,6,7,8,9,10) 4(4,5) 541.98
732. 2(2,5,6,7,8,10,11) 4(4,5) 541.98
733. 2(1,2,7,8,11) 4(3,4,5,6) 541.82
734. 2(1,5,7,9,11) 4(3,4,5,6) 541.82
735. 2(2,4,5,7,12) 4(3,4,5,6) 541.82
736. 2(2,5,6,11,12) 4(3,4,5,6) 541.82
737. 2(1,5,7,8,9,10) 4(4,5,6) 541.82
738. 2(2,5,6,7,9,10) 4(4,5,6) 541.82
739. 2(1,2,4,7,8,9) 4(4,5,6) 541.82
740. 2(1,3,5,7,8,9) 4(4,5,6) 541.82
741. 2(2,4,5,6,7,10) 4(4,5,6) 541.82
742. 2(1,2,4,6,7,9) 4(4,5,6) 541.82
743. 2(1,2,3,6,7,10) 4(4,5,6) 541.82
744. 2(1,2,3,7,8,10) 4(4,5,6) 541.82
745. 2(1,3,4,6,7,8,9,10,11)  541.77
746. 2(1,5,6,8,9,11,12) 4(4,5) 541.75
747. 2(3,5,6,8,9,10,11) 4(4,5) 541.75
748. 2(4,5,6,8,9,10,12) 4(4,5) 541.75
749. 2(2,5,6,8,10,11,12) 4(4,5) 541.75
750. 2(1,2,3,5,6,7,9,11) 4(5) 541.62
751. 2(1,2,3,6,7,8,9,11) 4(5) 541.62
752. 2(1,2,6,7,8,9,10,11) 4(5) 541.62
753. 2(2,3,5,6,7,9,11,12) 4(5) 541.62
754. 2(1,3,6,7,12) 4(2,3,4,5) 541.54
755. 2(3,6,7,10,12) 4(2,3,4,5) 541.54
756. 2(1,2,3,6,7,9) 4(3,4,5) 541.52
757. 2(1,3,6,7,9,11) 4(3,4,5) 541.52
758. 2(1,4,7,8,10,11) 4(3,4,5) 541.52
759. 2(1,7,8,9,10,11) 4(3,4,5) 541.52
760. 2(2,4,6,7,10,12) 4(3,4,5) 541.52
761. 2(2,6,7,9,10,12) 4(3,4,5) 541.52
762. 2(3,4,5,6,11,12) 4(3,4,5) 541.52
763. 2(3,5,6,9,11,12) 4(3,4,5) 541.52
764. 2(1,2,3,7,10,12) 4(3,4,5) 541.47
765. 2(1,3,4,9,11,12) 4(3,4,5) 541.47
766. 2(1,3,7,9,10,12) 4(3,4,5) 541.47
767. 2(2,3,4,10,11,12) 4(3,4,5) 541.47
768. 2(2,5,6,7,8,10,11) 4(3,5) 541.44
769. 2(2,5,6,7,8,11,12) 4(3,5) 541.44
770. 2(1,5,6,10,12) 4(3,4,5,6) 541.33
771. 2(1,4,5,6,7,8) 4(4,5,6) 541.29
772. 2(2,3,5,6,7,8) 4(4,5,6) 541.29
773. 2(2,4,5,7,8,9) 4(4,5,6) 541.29
774. 2(1,3,5,6,7,10) 4(4,5,6) 541.29
775. 2(1,2,6,7,9,12) 4(4,5,6) 541.28
776. 2(1,4,7,8,9,10) 4(4,5,6) 541.28
777. 2(2,3,6,7,9,10) 4(4,5,6) 541.28
778. 2(1,2,7,8,10,11) 4(4,5,6) 541.28
779. 2(2,3,4,5,6,11) 4(3,4,5) 541.28
780. 2(4,5,6,9,11,12) 4(3,4,5) 541.28
781. 2(1,3,5,6,7,11) 4(3,4,5) 541.28
782. 2(1,4,6,7,8,10) 4(3,4,5) 541.28
783. 2(1,6,7,8,10,11) 4(3,4,5) 541.28
784. 2(2,6,7,9,10,11) 4(3,4,5) 541.28
785. 2(4,5,6,7,10,12) 4(3,4,5) 541.28
786. 2(1,2,4,6,7,9) 4(3,4,5) 541.27
787. 2(1,2,4,7,9,10,11) 4(4,5) 541.19
788. 2(2,3,4,5,9,11,12) 4(4,5) 541.19
789. 2(1,4,7,11) 4(2,3,4,5,6) 541.09
790. 2(2,3,7,12) 4(2,3,4,5,6) 541.09
791. 2(1,3,4,7,9) 4(3,4,5,6) 541.07
792. 2(1,2,3,7,11) 4(3,4,5,6) 541.07
793. 2(1,2,4,7,12) 4(3,4,5,6) 541.07
794. 2(2,3,4,7,10) 4(3,4,5,6) 541.07
795. 2(1,5,6,11,12) 4(3,4,5,6) 541.07
796. 2(1,5,7,10,11) 4(3,4,5,6) 541.07
797. 2(1,6,8,10,11) 4(3,4,5,6) 541.07
798. 2(3,5,6,10,11) 4(3,4,5,6) 541.07
799. 2(1,3,4,5,6,9,10) 4(4,5) 541.0
800. 2(1,2,3,5,6,10,11) 4(4,5) 541.0
801. 2(1,4,5,6,9,10,12) 4(4,5) 541.0
802. 2(1,2,5,6,10,11,12) 4(4,5) 541.0
803. 2(1,2,3,6,7,8,9,12) 4(5) 540.87
804. 2(1,3,5,7,8,9,11,12) 4(5) 540.87
805. 2(2,3,6,7,8,9,10,12) 4(5) 540.87
806. 2(1,2,7,8,9,10,11,12) 4(5) 540.87
807. 2(3,4,11,12) 4(2,3,4,5,6) 540.81
808. 2(1,3,6,11,12) 4(3,4,5,6) 540.79
809. 2(1,3,7,10,11) 4(3,4,5,6) 540.79
810. 2(1,4,7,10,12) 4(3,4,5,6) 540.79
811. 2(3,4,6,10,12) 4(3,4,5,6) 540.79
812. 2(1,2,3,4,6,9,10) 4(4,5) 540.72
813. 2(1,2,3,4,5,10,11) 4(4,5) 540.72
814. 2(1,2,6,9,10,11,12) 4(4,5) 540.72
815. 2(1,4,5,9,10,11,12) 4(4,5) 540.72
816. 2(1,2,3,5,8,9,10,12) 4(5) 540.66
817. 2(1,2,6,7,11) 4(2,3,4,5) 540.53
818. 2(1,4,5,7,11) 4(2,3,4,5) 540.53
819. 2(2,3,6,7,11) 4(2,3,4,5) 540.53
820. 2(3,4,5,7,11) 4(2,3,4,5) 540.53
821. 2(2,6,7,10,11) 4(2,3,4,5) 540.53
822. 2(2,6,7,11,12) 4(2,3,4,5) 540.53
823. 2(4,5,7,10,11) 4(2,3,4,5) 540.53
824. 2(4,5,7,11,12) 4(2,3,4,5) 540.53
825. 2(1,4,6,7,8,9) 4(3,4,5) 540.49
826. 2(3,4,5,6,7,9) 4(3,4,5) 540.49
827. 2(1,2,6,7,8,11) 4(3,4,5) 540.49
828. 2(2,3,5,6,7,11) 4(3,4,5) 540.49
829. 2(4,5,6,7,9,12) 4(3,4,5) 540.49
830. 2(4,6,7,8,9,10) 4(3,4,5) 540.49
831. 2(2,5,6,7,11,12) 4(3,4,5) 540.49
832. 2(2,6,7,8,10,11) 4(3,4,5) 540.49
833. 2(1,3,6,7,9,10,11) 4(3,5) 540.42
834. 2(1,3,6,7,9,11,12) 4(3,5) 540.42
835. 2(1,5,6,7,8,9,10,12) 4(5) 540.35
836. 2(3,5,6,7,8,9,10,12) 4(5) 540.35
837. 2(3,4,5,7,9) 4(3,4,5,6) 540.29
838. 2(2,3,5,7,11) 4(3,4,5,6) 540.29
839. 2(2,3,6,8,11) 4(3,4,5,6) 540.29
840. 2(2,5,7,10,11) 4(3,4,5,6) 540.29
841. 2(1,4,5,6,7,9) 4(4,5,6) 540.29
842. 2(2,3,4,5,7,9) 4(4,5,6) 540.29
843. 2(2,3,4,6,8,9) 4(4,5,6) 540.29
844. 2(1,2,4,5,7,11) 4(4,5,6) 540.29
845. 2(1,2,5,6,7,11) 4(4,5,6) 540.29
846. 2(1,3,4,5,7,10) 4(4,5,6) 540.29
847. 2(2,3,5,7,8,10) 4(4,5,6) 540.29
848. 2(4,5,6,8,9,10) 4(4,5,6) 540.29
849. 2(1,5,6,7,8,12) 4(4,5,6) 540.23
850. 2(3,5,6,7,8,10) 4(4,5,6) 540.23
851. 2(4,5,6,7,8,9) 4(4,5,6) 540.23
852. 2(2,5,6,7,8,11) 4(4,5,6) 540.23
853. 2(4,5,6,7,8,9,11) 4(3,5) 540.14
854. 2(1,2,5,6,7,9,11,12) 4(5) 540.09
855. 2(1,2,6,7,8,9,11,12) 4(5) 540.09
856. 2(2,3,5,6,7,9,10,11) 4(5) 540.09
857. 2(2,3,6,7,8,9,10,11) 4(5) 540.09
858. 2(1,4,5,6,9,10) 4(3,4,5) 540.06
859. 2(1,2,5,6,10,11) 4(3,4,5) 540.06
860. 2(1,3,7,10,12) 4(3,4,5,6) 539.98
861. 2(1,3,10,11,12) 4(3,4,5,6) 539.98
862. 2(2,4,5,7,8) 4(3,4,5,6) 539.78
863. 2(2,4,6,7,8) 4(3,4,5,6) 539.78
864. 2(1,2,4,6,10,11) 4(3,4,5) 539.78
865. 2(1,4,6,9,10,11) 4(3,4,5) 539.78
866. 2(1,3,4,5,6,10) 4(3,4,5) 539.77
867. 2(1,5,6,10,11,12) 4(3,4,5) 539.77
868. 2(1,4,5,6,7,12) 4(3,4,5) 539.74
869. 2(3,4,5,6,7,10) 4(3,4,5) 539.74
870. 2(1,5,6,7,11,12) 4(3,4,5) 539.74
871. 2(3,5,6,7,10,11) 4(3,4,5) 539.74
872. 2(4,5,7,9,10,11) 4(3,4,5) 539.74
873. 2(1,2,4,5,7,9) 4(3,4,5) 539.74
874. 2(1,2,4,5,7,11) 4(3,4,5) 539.74
875. 2(2,5,7,9,10,11) 4(3,4,5) 539.74
876. 2(1,2,3,7,9,11) 4(3,4,5) 539.7
877. 2(2,3,4,6,9,12) 4(3,4,5) 539.7
878. 2(2,3,6,9,11,12) 4(3,4,5) 539.7
879. 2(2,4,7,9,10,12) 4(3,4,5) 539.7
880. 2(1,3,6,7,9,12) 4(3,4,5) 539.7
881. 2(1,3,7,8,10,11) 4(3,4,5) 539.7
882. 2(1,4,7,8,10,12) 4(3,4,5) 539.7
883. 2(2,3,6,7,10,12) 4(3,4,5) 539.7
884. 2(1,2,4,6,9,11,12) 4(4,5) 539.66
885. 2(1,3,4,6,9,10,12) 4(4,5) 539.66
886. 2(2,3,4,6,9,10,11) 4(4,5) 539.66
887. 2(1,2,3,6,10,11,12) 4(4,5) 539.66
888. 2(1,2,4,7,8) 4(3,4,5,6) 539.56
889. 2(1,2,4,7,11) 4(2,3,4,5) 539.5
890. 2(3,4,7,9,11) 4(2,3,4,5) 539.5
891. 2(2,4,7,11,12) 4(2,3,4,5) 539.5
892. 2(2,7,9,11,12) 4(2,3,4,5) 539.5
893. 2(4,7,9,10,11) 4(2,3,4,5) 539.5
894. 2(1,7,10,11,12) 4(2,3,4,5) 539.5
895. 2(1,2,4,5,6,8,10) 4(4,5) 539.49
896. 2(1,5,6,8,9,10,11) 4(4,5) 539.49
897. 2(1,3,5,6,7,9,11) 4(4,5) 539.41
898. 2(2,4,5,6,7,10,12) 4(4,5) 539.41
899. 2(2,3,5,6,7,9,12) 4(4,5) 539.41
900. 2(1,2,3,5,7,8,11,12) 4(5) 539.34
901. 2(1,2,5,7,9,10,11,12) 4(5) 539.34
902. 2(2,3,5,7,8,10,11,12) 4(5) 539.34
903. 2(2,3,5,7,9,10,11,12) 4(5) 539.34
904. 2(5,6,7,9,11) 4(2,3,4,5) 539.24
905. 2(6,7,8,9,11) 4(2,3,4,5) 539.24
906. 2(1,2,4,5,6,10) 4(4,5,6) 539.08
907. 2(1,2,3,4,5,6) 4(4,5,6) 539.08
908. 2(1,2,3,7,8,10,11,12) 4(5) 539.06
909. 2(1,3,5,7,9,10,11,12) 4(5) 539.06
910. 2(1,2,3,6,7,10,11) 4(3,5) 538.89
911. 2(1,2,3,6,7,11,12) 4(3,5) 538.89
912. 2(1,2,6,7,10,11,12) 4(3,5) 538.89
913. 2(2,3,6,7,10,11,12) 4(3,5) 538.89
914. 2(1,4,6,7,10) 4(3,4,5,6) 538.81
915. 2(1,3,4,6,11) 4(3,4,5,6) 538.81
916. 2(1,2,4,5,6,9,10) 4(4,5) 538.74
917. 2(1,3,7,9,11) 4(3,4,5,6) 538.74
918. 2(1,2,5,6,9,10,11) 4(4,5) 538.74
919. 2(1,7,8,10,11) 4(3,4,5,6) 538.74
920. 2(2,4,7,10,12) 4(3,4,5,6) 538.74
921. 2(2,6,7,10,12) 4(3,4,5,6) 538.74
922. 2(3,4,5,11,12) 4(3,4,5,6) 538.74
923. 2(3,5,6,11,12) 4(3,4,5,6) 538.74
924. 2(1,3,4,5,6,9,11) 4(4,5) 538.66
925. 2(2,4,5,6,10,11,12) 4(4,5) 538.66
926. 2(1,2,4,6,7,9,10) 4(4,5) 538.66
927. 2(1,2,6,7,9,10,11) 4(4,5) 538.66
928. 2(1,4,6,7,8,9,11) 4(3,5) 538.63
929. 2(2,3,6,7,8,9,11) 4(3,5) 538.63
930. 2(2,5,6,7,9,11,12) 4(3,5) 538.63
931. 2(1,6,7,10) 4(2,3,4,5,6) 538.51
932. 2(3,6,7,12) 4(2,3,4,5,6) 538.51
933. 2(1,6,7,8,11) 4(3,4,5,6) 538.49
934. 2(3,5,6,7,11) 4(3,4,5,6) 538.49
935. 2(4,5,6,7,12) 4(3,4,5,6) 538.49
936. 2(4,6,7,8,10) 4(3,4,5,6) 538.49
937. 2(1,4,7,9,11) 4(3,4,5,6) 538.49
938. 2(2,5,7,8,10) 4(3,4,5,6) 538.49
939. 2(2,4,6,11,12) 4(3,4,5,6) 538.49
940. 2(2,4,7,10,11) 4(3,4,5,6) 538.49
941. 2(4,9,10,11,12) 4(2,3,4,5) 538.47
942. 2(1,2,4,5,7,12) 4(3,4,5) 538.46
943. 2(1,4,6,7,9,12) 4(3,4,5) 538.46
944. 2(2,3,4,5,7,10) 4(3,4,5) 538.46
945. 2(3,4,6,7,9,10) 4(3,4,5) 538.46
946. 2(1,2,6,7,11,12) 4(3,4,5) 538.46
947. 2(1,4,5,7,11,12) 4(3,4,5) 538.46
948. 2(1,5,7,9,11,12) 4(3,4,5) 538.46
949. 2(2,3,6,7,10,11) 4(3,4,5) 538.46
950. 2(3,4,5,7,10,11) 4(3,4,5) 538.46
951. 2(3,5,7,9,10,11) 4(3,4,5) 538.46
952. 2(1,3,4,5,7,9) 4(3,4,5) 538.46
953. 2(1,2,3,5,7,11) 4(3,4,5) 538.46
954. 2(1,2,5,7,9,12) 4(3,4,5) 538.46
955. 2(2,3,5,7,9,10) 4(3,4,5) 538.46
956. 2(4,5,7,9,10,12) 4(3,4,5) 538.46
957. 2(2,5,7,10,11,12) 4(3,4,5) 538.46
958. 2(2,4,5,6,7,11) 4(3,4,5) 538.45
959. 2(4,5,6,7,9,11) 4(3,4,5) 538.45
960. 2(1,4,5,6,7,8) 4(3,4,5) 538.45
961. 2(5,6,7,8,10,11) 4(3,4,5) 538.45
962. 2(1,4,5,6,7,8,9,10,11)  538.44
963. 2(3,4,5,6,7,8,9,11,12)  538.44
964. 2(1,2,4,5,6,7,9) 4(4,5) 538.42
965. 2(1,2,4,5,6,8,11) 4(4,5) 538.42
966. 2(2,5,6,7,9,10,11) 4(4,5) 538.42
967. 2(4,5,6,8,9,10,11) 4(4,5) 538.42
968. 2(1,2,3,5,6,7,10) 4(4,5) 538.42
969. 2(1,5,6,7,9,10,12) 4(4,5) 538.42
970. 2(2,5,6,8,9,11,12) 4(4,5) 538.42
971. 2(1,5,6,8,10,11,12) 4(4,5) 538.42
972. 2(2,4,5,6,7,9,11) 4(4,5) 538.36
973. 2(1,3,5,6,7,10,12) 4(4,5) 538.36
974. 2(7,11,12) 4(1,2,3,4,5,6) 538.26
975. 2(3,4,5,7,9,10) 4(4,5,6) 538.22
976. 2(3,4,6,8,9,10) 4(4,5,6) 538.22
977. 2(1,2,5,7,11,12) 4(4,5,6) 538.22
978. 2(2,3,5,7,10,11) 4(4,5,6) 538.22
979. 2(3,5,6,7,12) 4(3,4,5,6) 538.21
980. 2(3,5,6,8,12) 4(3,4,5,6) 538.21
981. 2(1,2,4,7,9,12) 4(3,4,5) 538.17
982. 2(2,3,4,7,9,10) 4(3,4,5) 538.17
983. 2(1,2,7,9,11,12) 4(3,4,5) 538.17
984. 2(2,3,7,9,10,11) 4(3,4,5) 538.17
985. 2(1,3,5,7,9,12) 4(3,4,5) 538.17
986. 2(1,3,5,7,11,12) 4(3,4,5) 538.17
987. 2(2,3,5,7,10,12) 4(3,4,5) 538.17
988. 2(3,4,5,7,10,12) 4(3,4,5) 538.17
989. 2(2,4,6,7,9,11) 4(3,4,5) 538.17
990. 2(5,6,7,8,10,12) 4(3,4,5) 538.17
991. 2(1,3,4,5,6,10,12) 4(4,5) 538.14
992. 2(1,3,5,6,10,11,12) 4(4,5) 538.14
993. 2(1,6,7,8,9,10,11) 4(3,5) 538.12
994. 2(3,5,6,7,9,11,12) 4(3,5) 538.12
995. 2(1,2,6,7,9,10,11) 4(3,5) 538.12
996. 2(2,3,6,7,9,11,12) 4(3,5) 538.12
997. 2(2,5,6,7,8,9,10,11) 4(5) 538.05
998. 2(2,5,6,7,8,9,11,12) 4(5) 538.05
999. 2(1,4,6,7) 4(2,3,4,5,6) 538.04
1000. 2(3,4,6,7) 4(2,3,4,5,6) 538.04
1001. 2(2,5,6,10,11) 4(3,4,5,6) 538.03
1002. 2(2,3,4,5,7) 4(3,4,5,6) 538.03
1003. 2(1,2,3,5,7,8) 4(4,5,6) 538.02
1004. 2(1,2,4,5,6,7) 4(4,5,6) 538.02
1005. 2(1,2,3,4,6,10) 4(4,5,6) 538.02
1006. 2(1,3,4,5,6,10) 4(4,5,6) 538.02
1007. 2(1,3,6,7,8,9) 4(4,5,6) 537.95
1008. 2(1,2,6,7,9,11) 4(4,5,6) 537.95
1009. 2(1,3,5,7,8,11) 4(4,5,6) 537.95
1010. 2(1,3,6,7,9,10) 4(4,5,6) 537.95
1011. 2(1,3,7,8,9,10) 4(4,5,6) 537.95
1012. 2(1,4,5,7,8,11) 4(4,5,6) 537.95
1013. 2(1,6,7,8,9,10) 4(4,5,6) 537.95
1014. 2(2,4,5,6,7,12) 4(4,5,6) 537.95
1015. 2(2,4,6,7,8,10) 4(4,5,6) 537.95
1016. 2(2,4,6,7,9,10) 4(4,5,6) 537.95
1017. 2(2,4,7,8,9,10) 4(4,5,6) 537.95
1018. 2(2,5,6,7,9,12) 4(4,5,6) 537.95
1019. 2(2,6,7,8,9,10) 4(4,5,6) 537.95
1020. 2(1,2,6,7,10,12) 4(4,5,6) 537.95
1021. 2(1,5,7,8,10,11) 4(4,5,6) 537.95
1022. 2(2,5,6,7,10,12) 4(4,5,6) 537.95
1023. 2(1,4,6,7,8,9,10) 4(4,5) 537.88
1024. 2(1,2,6,7,8,10,11) 4(4,5) 537.88
1025. 2(1,4,5,6,8,11,12) 4(4,5) 537.88
1026. 2(3,4,5,6,8,10,11) 4(4,5) 537.88
1027. 2(1,2,4,6,7,10) 4(3,4,5) 537.72
1028. 2(1,3,4,5,6,11) 4(3,4,5) 537.72
1029. 2(1,6,7,9,10,11) 4(3,4,5) 537.72
1030. 2(4,5,6,10,11,12) 4(3,4,5) 537.72
1031. 2(1,5,6,7,8,10,11) 4(3,5) 537.6
1032. 2(3,5,6,7,8,11,12) 4(3,5) 537.6
1033. 2(4,5,6,9,10,11) 4(3,4,5) 537.48
1034. 2(1,2,4,5,6,11) 4(3,4,5) 537.48
1035. 2(1,4,5,6,7,10) 4(3,4,5) 537.48
1036. 2(1,5,6,7,10,11) 4(3,4,5) 537.48
1037. 2(1,3,6,7,12) 4(3,4,5,6) 537.46
1038. 2(1,3,4,11,12) 4(3,4,5,6) 537.46
1039. 2(1,6,7,10,12) 4(3,4,5,6) 537.46
1040. 2(1,4,10,11,12) 4(3,4,5,6) 537.46
1041. 2(3,5,6,7,8,9) 4(4,5,6) 537.42
1042. 2(2,5,6,7,8,12) 4(4,5,6) 537.42
1043. 2(2,4,6,7,8,9) 4(4,5,6) 537.42
1044. 2(1,3,6,7,8,10) 4(4,5,6) 537.42
1045. 2(1,5,6,7,8,11) 4(4,5,6) 537.42
1046. 2(2,4,5,7,8,11) 4(4,5,6) 537.42
1047. 2(2,5,6,7,9,11) 4(4,5,6) 537.42
1048. 2(4,5,6,7,8,10) 4(4,5,6) 537.42
1049. 2(1,3,6,7,8,9) 4(3,4,5) 537.41
1050. 2(1,4,7,8,9,11) 4(3,4,5) 537.41
1051. 2(2,3,5,6,7,12) 4(3,4,5) 537.41
1052. 2(2,3,6,7,9,11) 4(3,4,5) 537.41
1053. 2(2,4,6,7,9,12) 4(3,4,5) 537.41
1054. 2(3,5,6,7,9,12) 4(3,4,5) 537.41
1055. 2(2,4,7,8,10,11) 4(3,4,5) 537.41
1056. 2(2,6,7,8,10,12) 4(3,4,5) 537.41
1057. 2(1,2,4,6,9,10,11) 4(4,5) 537.39
1058. 2(2,7,9,12) 4(2,3,4,5,6) 537.22
1059. 2(3,7,9,11) 4(2,3,4,5,6) 537.22
1060. 2(1,7,10,11) 4(2,3,4,5,6) 537.22
1061. 2(4,7,10,12) 4(2,3,4,5,6) 537.22
1062. 2(1,6,7,9,12) 4(3,4,5,6) 537.21
1063. 2(3,6,7,9,10) 4(3,4,5,6) 537.21
1064. 2(1,4,8,11,12) 4(3,4,5,6) 537.21
1065. 2(3,4,8,10,11) 4(3,4,5,6) 537.21
1066. 2(2,3,6,11,12) 4(3,4,5,6) 537.21
1067. 2(2,5,7,10,12) 4(3,4,5,6) 537.21
1068. 2(4,5,7,10,12) 4(3,4,5,6) 537.21
1069. 2(4,6,8,10,12) 4(3,4,5,6) 537.21
1070. 2(1,2,4,5,6,11,12) 4(4,5) 537.13
1071. 2(1,4,5,6,9,11,12) 4(4,5) 537.13
1072. 2(2,3,4,5,6,10,11) 4(4,5) 537.13
1073. 2(3,4,5,6,9,10,11) 4(4,5) 537.13
1074. 2(1,2,4,5,7,10,11) 4(4,5) 537.13
1075. 2(1,2,4,6,8,10,11) 4(4,5) 537.13
1076. 2(1,4,5,7,9,10,11) 4(4,5) 537.13
1077. 2(1,4,6,8,9,10,11) 4(4,5) 537.13
1078. 2(1,2,3,5,7,8,9,12) 4(5) 537.07
1079. 2(2,3,5,7,8,9,10,12) 4(5) 537.07
1080. 2(1,2,3,6,7,9,10,11) 4(5) 537.0
1081. 2(1,2,3,6,7,9,11,12) 4(5) 537.0
1082. 2(1,3,5,6,7,9,11,12) 4(5) 537.0
1083. 2(1,3,6,7,8,9,10,11) 4(5) 537.0
1084. 2(1,2,3,4,6,9,12) 4(4,5) 536.85
1085. 2(1,2,7,9,10,11,12) 4(4,5) 536.85
1086. 2(2,3,6,9,10,11,12) 4(4,5) 536.85
1087. 2(3,4,5,9,10,11,12) 4(4,5) 536.85
1088. 2(1,2,3,5,6,7,8,11) 4(5) 536.76
1089. 2(1,2,5,6,7,8,10,11) 4(5) 536.76
1090. 2(1,5,6,7,8,9,11,12) 4(5) 536.76
1091. 2(2,3,5,6,7,8,11,12) 4(5) 536.76
1092. 2(3,5,6,7,8,9,10,11) 4(5) 536.76
1093. 2(2,5,6,7,8,10,11,12) 4(5) 536.76
1094. 2(4,7,9,11) 4(2,3,4,5,6) 536.69
1095. 2(1,4,7,10,11) 4(2,3,4,5) 536.69
1096. 2(3,7,10,12) 4(2,3,4,5,6) 536.69
1097. 2(1,5,7,8,12) 4(3,4,5,6) 536.68
1098. 2(1,6,7,8,12) 4(3,4,5,6) 536.68
1099. 2(3,5,7,8,10) 4(3,4,5,6) 536.68
1100. 2(3,6,7,8,10) 4(3,4,5,6) 536.68
1101. 2(1,2,3,5,6,7,11) 4(3,5) 536.59
1102. 2(1,2,3,6,7,8,11) 4(3,5) 536.59
1103. 2(1,5,6,7,9,11,12) 4(3,5) 536.59
1104. 2(1,6,7,8,9,11,12) 4(3,5) 536.59
1105. 2(3,5,6,7,9,10,11) 4(3,5) 536.59
1106. 2(3,6,7,8,9,10,11) 4(3,5) 536.59
1107. 2(2,5,6,7,10,11,12) 4(3,5) 536.59
1108. 2(2,6,7,8,10,11,12) 4(3,5) 536.59
1109. 2(1,3,5,6,7,8,10,11) 4(5) 536.48
1110. 2(1,3,5,6,7,8,11,12) 4(5) 536.48
1111. 2(1,4,6,7,8,9) 4(4,5,6) 536.42
1112. 2(3,4,5,6,7,9) 4(4,5,6) 536.42
1113. 2(1,2,6,7,8,11) 4(4,5,6) 536.42
1114. 2(1,2,6,7,8,12) 4(4,5,6) 536.42
1115. 2(1,5,6,7,9,12) 4(4,5,6) 536.42
1116. 2(2,3,4,7,9,10) 4(4,5,6) 536.42
1117. 2(2,3,5,6,7,11) 4(4,5,6) 536.42
1118. 2(2,3,6,7,8,10) 4(4,5,6) 536.42
1119. 2(3,4,5,7,8,10) 4(4,5,6) 536.42
1120. 2(3,5,6,7,9,10) 4(4,5,6) 536.42
1121. 2(4,5,7,8,9,10) 4(4,5,6) 536.42
1122. 2(2,4,5,7,10,11) 4(4,5,6) 536.42
1123. 2(2,5,7,8,10,11) 4(4,5,6) 536.42
1124. 2(1,3,4,7,9,10) 4(4,5,6) 536.42
1125. 2(1,2,3,7,10,11) 4(4,5,6) 536.42
1126. 2(1,3,5,7,10,11) 4(4,5,6) 536.42
1127. 2(1,4,5,6,7,9,12) 4(4,5) 536.35
1128. 2(3,4,5,6,7,9,10) 4(4,5) 536.35
1129. 2(1,2,5,6,7,11,12) 4(4,5) 536.35
1130. 2(2,3,5,6,7,10,11) 4(4,5) 536.35
1131. 2(1,2,3,4,9,11,12) 4(4,5) 536.04
1132. 2(2,3,4,9,10,11,12) 4(4,5) 536.04
1133. 2(2,6,7,9,11) 4(3,4,5,6) 535.91
1134. 2(4,5,7,8,11) 4(3,4,5,6) 535.91
1135. 2(1,2,3,4,6,9) 4(3,4,5) 535.91
1136. 2(1,3,6,7,10,11) 4(3,4,5) 535.91
1137. 2(1,4,6,7,10,12) 4(3,4,5) 535.91
1138. 2(2,6,9,10,11,12) 4(3,4,5) 535.91
1139. 2(1,2,6,7,8,12) 4(3,4,5) 535.88
1140. 2(1,6,7,8,9,12) 4(3,4,5) 535.88
1141. 2(2,3,5,7,9,11) 4(3,4,5) 535.88
1142. 2(2,3,6,7,8,10) 4(3,4,5) 535.88
1143. 2(2,4,5,7,9,12) 4(3,4,5) 535.88
1144. 2(3,4,5,7,9,11) 4(3,4,5) 535.88
1145. 2(3,6,7,8,9,10) 4(3,4,5) 535.88
1146. 2(2,4,5,7,11,12) 4(3,4,5) 535.88
1147. 2(4,5,6,7,8,11) 4(3,4,5) 535.87
1148. 2(5,6,7,8,9,11) 4(3,4,5) 535.87
1149. 2(1,4,5,6,7,8,10) 4(4,5) 535.84
1150. 2(1,5,6,7,8,10,11) 4(4,5) 535.84
1151. 2(1,4,7,8,11) 4(3,4,5,6) 535.69
1152. 2(4,7,9,12) 4(2,3,4,5,6) 535.69
1153. 2(2,7,11,12) 4(2,3,4,5,6) 535.69
1154. 2(4,5,6,11,12) 4(3,4,5,6) 535.69
1155. 2(1,6,7,9,11) 4(3,4,5,6) 535.69
1156. 2(2,4,6,7,12) 4(3,4,5,6) 535.69
1157. 2(1,7,11,12) 4(2,3,4,5,6) 535.69
1158. 2(3,7,10,11) 4(2,3,4,5,6) 535.69
1159. 2(1,4,7,9,12) 4(3,4,5,6) 535.67
1160. 2(3,4,7,9,10) 4(3,4,5,6) 535.67
1161. 2(1,2,7,11,12) 4(3,4,5,6) 535.67
1162. 2(1,5,7,11,12) 4(3,4,5,6) 535.67
1163. 2(1,6,8,11,12) 4(3,4,5,6) 535.67
1164. 2(2,3,7,10,11) 4(3,4,5,6) 535.67
1165. 2(3,5,7,10,11) 4(3,4,5,6) 535.67
1166. 2(3,6,8,10,11) 4(3,4,5,6) 535.67
1167. 2(1,4,5,6,8,10,11) 4(4,5) 535.62
1168. 2(1,2,3,6,7,8,12) 4(3,5) 535.56
1169. 2(1,3,5,6,7,10,11) 4(3,5) 535.56
1170. 2(1,3,6,7,8,11,12) 4(3,5) 535.56
1171. 2(3,6,7,8,9,10,12) 4(3,5) 535.56
1172. 2(1,6,7,8,10,11,12) 4(3,5) 535.56
1173. 2(3,5,6,7,10,11,12) 4(3,5) 535.56
1174. 2(1,2,3,5,6,7,11,12) 4(5) 535.47
1175. 2(1,2,3,6,7,8,10,11) 4(5) 535.47
1176. 2(1,2,6,7,8,10,11,12) 4(5) 535.47
1177. 2(2,3,5,6,7,10,11,12) 4(5) 535.47
1178. 2(1,9,11,12) 4(2,3,4,5,6) 535.41
1179. 2(5,6,7,8,9) 4(3,4,5,6) 535.39
1180. 2(5,6,7,8,11) 4(3,4,5,6) 535.39
1181. 2(3,4,5,6,7,8,11) 4(3,5) 535.3
1182. 2(4,5,6,7,8,11,12) 4(3,5) 535.3
1183. 2(1,4,7,11,12) 4(2,3,4,5) 535.16
1184. 2(3,4,7,10,11) 4(2,3,4,5) 535.16
1185. 2(1,2,3,4,6,10) 4(3,4,5) 535.16
1186. 2(1,3,4,6,10,11) 4(3,4,5) 535.16
1187. 2(1,4,6,10,11,12) 4(3,4,5) 535.16
1188. 2(1,6,9,10,11,12) 4(3,4,5) 535.16
1189. 2(1,3,6,7,11) 4(3,4,5,6) 534.94
1190. 2(1,4,7,10,11) 4(3,4,5,6) 534.94
1191. 2(1,5,6,7,11) 4(2,3,4,5) 534.91
1192. 2(3,6,7,8,11) 4(2,3,4,5) 534.91
1193. 2(5,6,7,11,12) 4(2,3,4,5) 534.91
1194. 2(6,7,8,10,11) 4(2,3,4,5) 534.91
1195. 2(1,2,3,4,5,6,9) 4(4,5) 534.87
1196. 2(2,5,6,9,10,11,12) 4(4,5) 534.87
1197. 2(1,2,3,6,7,9,11) 4(4,5) 534.79
1198. 2(1,2,3,6,7,9,12) 4(4,5) 534.79
1199. 2(2,3,4,5,6,11,12) 4(4,5) 534.79
1200. 2(2,3,6,7,9,10,12) 4(4,5) 534.79
1201. 2(2,4,6,7,9,10,12) 4(4,5) 534.79
1202. 2(3,4,5,6,9,11,12) 4(4,5) 534.79
1203. 2(2,4,6,7,8,9) 4(3,4,5) 534.58
1204. 2(2,6,7,8,9,11) 4(3,4,5) 534.58
1205. 2(3,5,6,7,8,11) 4(3,4,5) 534.58
1206. 2(4,5,6,7,8,12) 4(3,4,5) 534.58
1207. 2(1,2,4,6,7,8,9) 4(4,5) 534.55
1208. 2(2,3,4,5,6,7,9) 4(4,5) 534.55
1209. 2(2,3,4,5,6,8,11) 4(4,5) 534.55
1210. 2(2,5,6,7,9,11,12) 4(4,5) 534.55
1211. 2(2,6,7,8,9,10,11) 4(4,5) 534.55
1212. 2(4,5,6,8,9,11,12) 4(4,5) 534.55
1213. 2(1,2,3,5,6,7,12) 4(4,5) 534.55
1214. 2(3,5,6,7,9,10,12) 4(4,5) 534.55
1215. 2(1,3,6,7,10,11,12) 4(3,5) 534.52
1216. 2(1,3,6,7,11) 4(2,3,4,5) 534.4
1217. 2(5,6,7,11) 4(2,3,4,5,6) 534.4
1218. 2(6,7,8,11) 4(2,3,4,5,6) 534.4
1219. 2(6,7,9,10,12) 4(2,3,4,5) 534.4
1220. 2(4,6,7,8,9) 4(3,4,5,6) 534.38
1221. 2(2,6,7,8,11) 4(3,4,5,6) 534.38
1222. 2(2,5,7,8,11) 4(3,4,5,6) 534.38
1223. 2(4,5,7,9,11) 4(3,4,5,6) 534.38
1224. 2(1,2,3,6,7,10,12) 4(4,5) 534.27
1225. 2(1,3,6,7,9,10,12) 4(4,5) 534.27
1226. 2(1,4,5,6,7,8,9,11) 4(5) 534.18
1227. 2(3,4,5,6,7,8,9,11) 4(5) 534.18
1228. 2(1,6,7,11) 4(2,3,4,5,6) 534.17
1229. 2(3,6,7,11) 4(2,3,4,5,6) 534.17
1230. 2(4,6,7,10) 4(2,3,4,5,6) 534.17
1231. 2(4,6,7,12) 4(2,3,4,5,6) 534.17
1232. 2(3,4,6,7,9) 4(3,4,5,6) 534.16
1233. 2(2,3,6,7,11) 4(3,4,5,6) 534.16
1234. 2(3,4,5,7,11) 4(3,4,5,6) 534.16
1235. 2(3,4,6,8,11) 4(3,4,5,6) 534.16
1236. 2(4,6,7,9,10) 4(3,4,5,6) 534.16
1237. 2(2,6,7,10,11) 4(3,4,5,6) 534.16
1238. 2(4,5,7,10,11) 4(3,4,5,6) 534.16
1239. 2(4,6,8,10,11) 4(3,4,5,6) 534.16
1240. 2(1,5,6,7,9,10) 4(4,5,6) 534.15
1241. 2(2,5,7,8,9,10) 4(4,5,6) 534.15
1242. 2(1,2,3,4,7,9) 4(4,5,6) 534.15
1243. 2(1,2,3,6,7,8) 4(4,5,6) 534.15
1244. 2(1,2,4,6,7,8) 4(4,5,6) 534.15
1245. 2(1,3,4,5,7,8) 4(4,5,6) 534.15
1246. 2(2,3,4,5,6,7) 4(4,5,6) 534.15
1247. 2(1,2,3,4,7,10) 4(4,5,6) 534.15
1248. 2(1,3,4,6,7,8,9,11,12)  534.1
1249. 2(1,4,6,7,8,9,10,11,12)  534.1
1250. 2(1,4,5,6,7,9,10) 4(4,5) 534.09
1251. 2(1,2,5,6,7,10,11) 4(4,5) 534.09
1252. 2(1,4,5,6,10,11) 4(3,4,5) 533.92
1253. 2(1,5,6,9,10,11) 4(3,4,5) 533.92
1254. 2(4,6,7,9,11) 4(2,3,4,5) 533.87
1255. 2(1,2,3,4,11,12) 4(3,4,5) 533.81
1256. 2(3,4,9,10,11,12) 4(3,4,5) 533.81
1257. 2(1,3,4,7,10,12) 4(3,4,5) 533.81
1258. 2(1,3,7,10,11,12) 4(3,4,5) 533.81
1259. 2(1,2,3,4,5,7) 4(4,5,6) 533.68
1260. 2(1,2,3,4,6,8) 4(4,5,6) 533.68
1261. 2(1,2,3,5,6,7) 4(3,4,5) 533.61
1262. 2(1,4,6,7,9,11) 4(3,4,5) 533.61
1263. 2(2,4,6,7,10,11) 4(3,4,5) 533.61
1264. 2(5,6,7,9,10,12) 4(3,4,5) 533.61
1265. 2(1,7,8,10,12) 4(3,4,5,6) 533.59
1266. 2(1,2,3,4,6,9,11) 4(4,5) 533.52
1267. 2(2,4,6,9,10,11,12) 4(4,5) 533.52
1268. 2(1,2,3,4,6,10,12) 4(4,5) 533.52
1269. 2(1,3,6,9,10,11,12) 4(4,5) 533.52
1270. 2(3,4,7,11) 4(2,3,4,5,6) 533.42
1271. 2(3,4,7,12) 4(2,3,4,5,6) 533.42
1272. 2(1,4,6,7,12) 4(3,4,5,6) 533.41
1273. 2(3,4,6,7,10) 4(3,4,5,6) 533.41
1274. 2(1,4,6,11,12) 4(3,4,5,6) 533.41
1275. 2(3,4,6,10,11) 4(3,4,5,6) 533.41
1276. 2(1,2,4,6,7,9,12) 4(4,5) 533.26
1277. 2(1,3,4,5,7,9,11) 4(4,5) 533.26
1278. 2(1,3,4,6,8,9,11) 4(4,5) 533.26
1279. 2(2,3,4,6,7,9,10) 4(4,5) 533.26
1280. 2(1,2,6,7,9,11,12) 4(4,5) 533.26
1281. 2(2,3,6,7,9,10,11) 4(4,5) 533.26
1282. 2(2,4,5,7,10,11,12) 4(4,5) 533.26
1283. 2(2,4,6,8,10,11,12) 4(4,5) 533.26
1284. 2(1,2,3,7,8,9,11,12) 4(5) 533.21
1285. 2(1,5,7,8,9,10,11,12) 4(5) 533.21
1286. 2(1,2,3,7,12) 4(3,4,5,6) 533.12
1287. 2(1,5,10,11,12) 4(3,4,5,6) 533.12
1288. 2(5,7,9,11) 4(2,3,4,5,6) 533.11
1289. 2(5,7,10,12) 4(2,3,4,5,6) 533.11
1290. 2(1,3,7,8,9,10,11,12) 4(5) 532.92
1291. 2(1,6,7,11,12) 4(2,3,4,5) 532.87
1292. 2(3,6,7,10,11) 4(2,3,4,5) 532.87
1293. 2(5,7,9,11,12) 4(2,3,4,5) 532.87
1294. 2(5,7,10,11,12) 4(2,3,4,5) 532.87
1295. 2(1,3,7,8,9,11,12) 4(3,5) 532.75
1296. 2(2,3,4,5,7,9,11) 4(4,5) 532.74
1297. 2(2,3,4,6,8,9,11) 4(4,5) 532.74
1298. 2(2,4,5,7,9,11,12) 4(4,5) 532.74
1299. 2(2,4,6,8,9,11,12) 4(4,5) 532.74
1300. 2(1,3,4,6,7,9) 4(3,4,5) 532.32
1301. 2(1,2,3,6,7,11) 4(3,4,5) 532.32
1302. 2(1,2,4,6,7,12) 4(3,4,5) 532.32
1303. 2(1,3,4,5,7,11) 4(3,4,5) 532.32
1304. 2(2,3,4,6,7,10) 4(3,4,5) 532.32
1305. 2(1,6,7,9,11,12) 4(3,4,5) 532.32
1306. 2(3,6,7,9,10,11) 4(3,4,5) 532.32
1307. 2(4,6,7,9,10,12) 4(3,4,5) 532.32
1308. 2(2,6,7,10,11,12) 4(3,4,5) 532.32
1309. 2(4,5,7,10,11,12) 4(3,4,5) 532.32
1310. 2(1,2,3,5,7,9) 4(3,4,5) 532.32
1311. 2(2,5,7,9,10,12) 4(3,4,5) 532.32
1312. 2(2,4,6,7,11) 4(3,4,5,6) 532.12
1313. 2(4,5,6,7,11) 4(3,4,5,6) 532.12
1314. 2(4,9,10,11) 4(2,3,4,5,6) 532.07
1315. 2(4,9,11,12) 4(2,3,4,5,6) 532.07
1316. 2(3,5,7,10,12) 4(3,4,5,6) 532.06
1317. 2(3,6,8,10,12) 4(3,4,5,6) 532.06
1318. 2(1,2,3,6,7,12) 4(3,4,5) 532.04
1319. 2(1,3,4,7,8,10) 4(3,4,5) 532.04
1320. 2(1,3,4,7,9,11) 4(3,4,5) 532.04
1321. 2(2,3,4,6,11,12) 4(3,4,5) 532.04
1322. 2(3,4,6,9,11,12) 4(3,4,5) 532.04
1323. 2(3,6,7,9,10,12) 4(3,4,5) 532.04
1324. 2(1,7,8,10,11,12) 4(3,4,5) 532.04
1325. 2(2,4,7,10,11,12) 4(3,4,5) 532.04
1326. 2(2,4,5,6,7,8,12) 4(4,5) 531.97
1327. 2(3,5,6,7,8,9,11) 4(4,5) 531.97
1328. 2(2,3,4,6,7) 4(3,4,5,6) 531.89
1329. 2(4,5,6,10,11) 4(3,4,5,6) 531.89
1330. 2(2,3,4,7,11) 4(2,3,4,5) 531.83
1331. 2(4,7,9,11,12) 4(2,3,4,5) 531.83
1332. 2(1,7,8,9,11) 4(3,4,5,6) 531.82
1333. 2(2,6,7,9,12) 4(3,4,5,6) 531.82
1334. 2(4,5,8,11,12) 4(3,4,5,6) 531.82
1335. 2(1,2,4,6,7,8,10) 4(4,5) 531.75
1336. 2(1,6,7,8,9,10,11) 4(4,5) 531.75
1337. 2(1,3,4,5,6,8,11) 4(4,5) 531.75
1338. 2(4,5,6,8,10,11,12) 4(4,5) 531.75
1339. 2(1,2,4,5,7,11,12) 4(4,5) 531.73
1340. 2(1,2,4,6,8,11,12) 4(4,5) 531.73
1341. 2(1,4,5,7,9,11,12) 4(4,5) 531.73
1342. 2(1,4,6,8,9,11,12) 4(4,5) 531.73
1343. 2(2,3,4,5,7,10,11) 4(4,5) 531.73
1344. 2(2,3,4,6,8,10,11) 4(4,5) 531.73
1345. 2(3,4,5,7,9,10,11) 4(4,5) 531.73
1346. 2(3,4,6,8,9,10,11) 4(4,5) 531.73
1347. 2(4,6,7,8,11) 4(2,3,4,5) 531.57
1348. 2(4,5,6,7,8,9,11) 4(4,5) 531.45
1349. 2(2,4,5,6,7,8,11) 4(4,5) 531.45
1350. 2(1,2,3,7,8,9) 4(4,5,6) 531.34
1351. 2(1,2,4,6,7,10) 4(4,5,6) 531.34
1352. 2(1,2,3,4,6,12) 4(3,4,5) 531.29
1353. 2(1,2,3,4,7,10) 4(3,4,5) 531.29
1354. 2(1,3,4,6,11,12) 4(3,4,5) 531.29
1355. 2(1,3,4,7,10,11) 4(3,4,5) 531.29
1356. 2(1,4,7,10,11,12) 4(3,4,5) 531.29
1357. 2(1,7,9,10,11,12) 4(3,4,5) 531.29
1358. 2(3,4,6,10,11,12) 4(3,4,5) 531.29
1359. 2(3,6,9,10,11,12) 4(3,4,5) 531.29
1360. 2(2,3,4,9,11,12) 4(3,4,5) 531.23
1361. 2(1,3,7,8,10,12) 4(3,4,5) 531.23
1362. 2(2,3,7,8,10,11,12) 4(3,5) 531.22
1363. 2(3,5,7,9,10,11,12) 4(3,5) 531.22
1364. 2(1,3,4,6,7) 4(3,4,5,6) 531.14
1365. 2(1,5,6,10,11) 4(3,4,5,6) 531.14
1366. 2(1,2,3,4,7) 4(3,4,5,6) 531.14
1367. 2(1,4,6,10,11) 4(3,4,5,6) 531.14
1368. 2(1,3,7,8,11) 4(3,4,5,6) 531.07
1369. 2(2,3,6,7,12) 4(3,4,5,6) 531.07
1370. 2(4,5,10,11,12) 4(3,4,5,6) 531.07
1371. 2(1,7,9,10,11) 4(3,4,5,6) 531.07
1372. 2(1,2,3,4,5,6,12) 4(4,5) 531.0
1373. 2(3,5,6,9,10,11,12) 4(4,5) 531.0
1374. 2(3,4,6,7,8,9,11) 4(3,5) 530.96
1375. 2(2,5,6,7,9,10,11) 4(3,5) 530.96
1376. 2(2,6,7,8,9,11,12) 4(3,5) 530.96
1377. 2(4,6,7,8,9,10,11) 4(3,5) 530.96
1378. 2(2,3,6,7,8) 4(3,4,5,6) 530.83
1379. 2(3,4,5,7,8) 4(3,4,5,6) 530.83
1380. 2(5,6,7,9,10) 4(3,4,5,6) 530.83
1381. 2(5,6,8,10,11) 4(3,4,5,6) 530.83
1382. 2(4,5,6,7,8,9,10,11,12)  530.77
1383. 2(5,6,7,8,12) 4(3,4,5,6) 530.77
1384. 2(1,5,6,7,8,9,10,11) 4(5) 530.62
1385. 2(3,5,6,7,8,9,11,12) 4(5) 530.62
1386. 2(1,2,4,5,6,7) 4(3,4,5) 530.56
1387. 2(1,4,5,6,7,11) 4(3,4,5) 530.56
1388. 2(4,5,6,7,10,11) 4(3,4,5) 530.56
1389. 2(5,6,7,9,10,11) 4(3,4,5) 530.56
1390. 2(5,6,7,10,12) 4(3,4,5,6) 530.54
1391. 2(5,6,8,10,12) 4(3,4,5,6) 530.54
1392. 2(1,2,4,7,11,12) 4(3,4,5) 530.51
1393. 2(1,4,7,9,11,12) 4(3,4,5) 530.51
1394. 2(2,3,4,7,10,11) 4(3,4,5) 530.51
1395. 2(3,4,7,9,10,11) 4(3,4,5) 530.51
1396. 2(1,2,3,5,7,12) 4(3,4,5) 530.51
1397. 2(1,3,4,5,7,12) 4(3,4,5) 530.51
1398. 2(3,5,7,9,10,12) 4(3,4,5) 530.51
1399. 2(3,5,7,10,11,12) 4(3,4,5) 530.51
1400. 2(1,4,6,7,8,10,11) 4(3,5) 530.46
1401. 2(2,6,7,9,10,11,12) 4(3,5) 530.46
1402. 2(2,3,5,6,7,8,11) 4(4,5) 530.44
1403. 2(4,5,6,7,8,9,12) 4(4,5) 530.44
1404. 2(1,5,6,7,8,11,12) 4(4,5) 530.44
1405. 2(2,5,6,7,8,11,12) 4(4,5) 530.44
1406. 2(6,7,9,10) 4(2,3,4,5,6) 530.3
1407. 2(6,7,9,12) 4(2,3,4,5,6) 530.3
1408. 2(2,7,8,10,11) 4(3,4,5,6) 530.29
1409. 2(3,5,7,9,11) 4(3,4,5,6) 530.29
1410. 2(2,3,4,6,7,9) 4(4,5,6) 530.28
1411. 2(2,3,6,7,8,9) 4(4,5,6) 530.28
1412. 2(1,2,4,7,8,11) 4(4,5,6) 530.28
1413. 2(1,3,4,7,8,10) 4(4,5,6) 530.28
1414. 2(1,3,5,6,7,11) 4(4,5,6) 530.28
1415. 2(1,4,6,7,8,10) 4(4,5,6) 530.28
1416. 2(1,5,6,7,9,11) 4(4,5,6) 530.28
1417. 2(1,2,4,7,10,11) 4(4,5,6) 530.28
1418. 2(1,3,4,5,6,7,9) 4(4,5) 530.22
1419. 2(1,2,3,5,6,7,11) 4(4,5) 530.22
1420. 2(1,2,4,5,6,7,12) 4(4,5) 530.22
1421. 2(2,3,4,5,6,7,10) 4(4,5) 530.22
1422. 2(1,5,6,7,9,11,12) 4(4,5) 530.22
1423. 2(3,5,6,7,9,10,11) 4(4,5) 530.22
1424. 2(4,5,6,7,9,10,12) 4(4,5) 530.22
1425. 2(2,5,6,7,10,11,12) 4(4,5) 530.22
1426. 2(2,3,5,7,8,9,11,12) 4(5) 530.16
1427. 2(2,5,7,8,9,10,11,12) 4(5) 530.16
1428. 2(1,3,7,8,9,11) 4(3,4,5) 529.98
1429. 2(2,3,6,7,9,12) 4(3,4,5) 529.98
1430. 2(5,6,7,8,10,11,12) 4(3,5) 529.93
1431. 2(5,6,7,8,9,10) 4(4,5,6) 529.76
1432. 2(3,4,5,6,7,8) 4(4,5,6) 529.76
1433. 2(2,4,5,6,7,11) 4(4,5,6) 529.76
1434. 2(1,5,6,7,10,12) 4(4,5,6) 529.76
1435. 2(2,3,4,6,7,9) 4(3,4,5) 529.74
1436. 2(1,2,4,7,8,11) 4(3,4,5) 529.74
1437. 2(1,3,6,7,8,11) 4(3,4,5) 529.74
1438. 2(3,4,5,6,7,12) 4(3,4,5) 529.74
1439. 2(2,6,7,9,11,12) 4(3,4,5) 529.74
1440. 2(3,5,6,7,11,12) 4(3,4,5) 529.74
1441. 2(4,6,7,8,10,12) 4(3,4,5) 529.74
1442. 2(4,7,8,9,10,11) 4(3,4,5) 529.74
1443. 2(2,3,4,6,9,11,12) 4(4,5) 529.65
1444. 2(4,7,10,11) 4(2,3,4,5,6) 529.55
1445. 2(3,7,9,12) 4(2,3,4,5,6) 529.55
1446. 2(1,2,7,8,12) 4(3,4,5,6) 529.54
1447. 2(1,4,7,8,12) 4(3,4,5,6) 529.54
1448. 2(2,3,7,8,10) 4(3,4,5,6) 529.54
1449. 2(3,4,7,8,10) 4(3,4,5,6) 529.54
1450. 2(2,3,5,7,12) 4(3,4,5,6) 529.54
1451. 2(3,4,5,7,12) 4(3,4,5,6) 529.54
1452. 2(3,4,6,8,12) 4(3,4,5,6) 529.54
1453. 2(2,6,10,11,12) 4(3,4,5,6) 529.54
1454. 2(2,5,7,9,10,11,12) 4(4,5) 529.47
1455. 2(2,6,8,9,10,11,12) 4(4,5) 529.47
1456. 2(1,5,7,9,10,11,12) 4(4,5) 529.47
1457. 2(1,6,8,9,10,11,12) 4(4,5) 529.47
1458. 2(1,3,5,6,7,9,10,11) 4(5) 529.34
1459. 2(1,3,6,7,8,9,11,12) 4(5) 529.34
1460. 2(1,2,6,7,9,10,11,12) 4(5) 529.34
1461. 2(2,3,6,7,9,10,11,12) 4(5) 529.34
1462. 2(4,10,11,12) 4(2,3,4,5,6) 529.27
1463. 2(1,3,7,9,12) 4(3,4,5,6) 529.26
1464. 2(1,3,8,11,12) 4(3,4,5,6) 529.26
1465. 2(2,3,7,10,12) 4(3,4,5,6) 529.26
1466. 2(3,5,10,11,12) 4(3,4,5,6) 529.26
1467. 2(1,3,4,6,9,10,11) 4(4,5) 529.18
1468. 2(1,2,4,6,10,11,12) 4(4,5) 529.18
1469. 2(1,3,4,7,11) 4(2,3,4,5) 529.03
1470. 2(4,7,10,11,12) 4(2,3,4,5) 529.03
1471. 2(1,4,6,7,8,11,12) 4(3,5) 528.93
1472. 2(3,4,6,7,8,10,11) 4(3,5) 528.93
1473. 2(1,2,5,6,7,10,11) 4(3,5) 528.92
1474. 2(2,3,6,7,8,11,12) 4(3,5) 528.92
1475. 2(1,5,6,7,8,10,11,12) 4(5) 528.81
1476. 2(3,5,6,7,8,10,11,12) 4(5) 528.81
1477. 2(5,7,10,11) 4(2,3,4,5,6) 528.77
1478. 2(5,7,11,12) 4(2,3,4,5,6) 528.77
1479. 2(4,5,7,9,12) 4(3,4,5,6) 528.76
1480. 2(2,5,7,11,12) 4(3,4,5,6) 528.76
1481. 2(2,6,8,11,12) 4(3,4,5,6) 528.76
1482. 2(3,4,5,7,8,9) 4(4,5,6) 528.75
1483. 2(1,4,5,6,7,12) 4(4,5,6) 528.75
1484. 2(2,3,4,5,7,11) 4(4,5,6) 528.75
1485. 2(2,3,5,7,8,11) 4(4,5,6) 528.75
1486. 2(3,4,5,6,7,10) 4(4,5,6) 528.75
1487. 2(3,5,7,8,9,10) 4(4,5,6) 528.75
1488. 2(4,5,6,7,9,10) 4(4,5,6) 528.75
1489. 2(2,5,6,7,10,11) 4(4,5,6) 528.75
1490. 2(2,4,7,8,11) 4(3,4,5,6) 528.25
1491. 2(5,6,7,9,11) 4(3,4,5,6) 528.25
1492. 2(1,2,3,4,6,11) 4(3,4,5) 528.24
1493. 2(1,3,4,6,7,10) 4(3,4,5) 528.24
1494. 2(1,6,7,10,11,12) 4(3,4,5) 528.24
1495. 2(4,6,9,10,11,12) 4(3,4,5) 528.24
1496. 2(2,3,4,5,7,9) 4(3,4,5) 528.21
1497. 2(1,4,6,7,8,12) 4(3,4,5) 528.21
1498. 2(2,3,4,5,7,11) 4(3,4,5) 528.21
1499. 2(3,4,6,7,8,10) 4(3,4,5) 528.21
1500. 2(1,6,7,8,11,12) 4(3,4,5) 528.21
1501. 2(2,5,7,9,11,12) 4(3,4,5) 528.21
1502. 2(3,6,7,8,10,11) 4(3,4,5) 528.21
1503. 2(4,5,7,9,11,12) 4(3,4,5) 528.21
1504. 2(1,2,4,5,6,7,8) 4(4,5) 528.18
1505. 2(5,6,7,8,9,10,11) 4(4,5) 528.18
1506. 2(1,2,4,7,9,11,12) 4(4,5) 528.12
1507. 2(2,3,4,7,9,10,11) 4(4,5) 528.12
1508. 2(1,2,4,5,6,7,10) 4(4,5) 527.95
1509. 2(1,5,6,7,9,10,11) 4(4,5) 527.95
1510. 2(1,5,6,7,10,11,12) 4(3,5) 527.89
1511. 2(3,6,7,8,10,11,12) 4(3,5) 527.89
1512. 2(1,3,6,7,8,9,11) 4(4,5) 527.88
1513. 2(2,4,6,7,8,10,12) 4(4,5) 527.88
1514. 2(3,4,5,6,8,11,12) 4(4,5) 527.88
1515. 2(1,2,3,5,6,7,10,11) 4(5) 527.81
1516. 2(1,2,5,6,7,10,11,12) 4(5) 527.81
1517. 2(1,2,3,6,7,8,11,12) 4(5) 527.81
1518. 2(2,3,6,7,8,10,11,12) 4(5) 527.81
1519. 2(5,6,7,8,9,11,12) 4(3,5) 527.63
1520. 2(1,2,3,6,7,10,11,12) 4(5) 527.52
1521. 2(1,2,3,7,9,12) 4(3,4,5) 527.42
1522. 2(1,3,7,9,11,12) 4(3,4,5) 527.42
1523. 2(2,3,4,7,10,12) 4(3,4,5) 527.42
1524. 2(2,3,7,9,10,12) 4(3,4,5) 527.42
1525. 2(1,2,3,7,8) 4(3,4,5,6) 527.27
1526. 2(1,3,4,7,8) 4(3,4,5,6) 527.27
1527. 2(1,3,4,7,11) 4(3,4,5,6) 527.27
1528. 2(1,6,7,10,11) 4(3,4,5,6) 527.27
1529. 2(6,7,8,11,12) 4(2,3,4,5) 527.24
1530. 2(1,2,4,5,6,10,11) 4(4,5) 527.2
1531. 2(1,4,5,6,9,10,11) 4(4,5) 527.2
1532. 2(1,2,3,4,5,6,10) 4(4,5) 527.2
1533. 2(1,5,6,9,10,11,12) 4(4,5) 527.2
1534. 2(1,2,4,6,7,10,12) 4(4,5) 527.13
1535. 2(1,3,4,5,6,11,12) 4(4,5) 527.13
1536. 2(1,3,6,7,9,10,11) 4(4,5) 527.13
1537. 2(3,4,5,6,10,11,12) 4(4,5) 527.13
1538. 2(6,7,9,11) 4(2,3,4,5,6) 526.97
1539. 2(6,7,10,12) 4(2,3,4,5,6) 526.97
1540. 2(3,6,7,8,9) 4(3,4,5,6) 526.96
1541. 2(2,6,7,8,12) 4(3,4,5,6) 526.96
1542. 2(3,5,7,8,11) 4(3,4,5,6) 526.96
1543. 2(4,5,7,8,12) 4(3,4,5,6) 526.96
1544. 2(5,6,7,9,12) 4(3,4,5,6) 526.96
1545. 2(6,7,8,9,10) 4(3,4,5,6) 526.96
1546. 2(5,6,8,11,12) 4(3,4,5,6) 526.96
1547. 2(5,7,8,10,11) 4(3,4,5,6) 526.96
1548. 2(1,4,7,8,9,12) 4(3,4,5) 526.92
1549. 2(3,4,5,7,9,12) 4(3,4,5) 526.92
1550. 2(1,2,7,8,11,12) 4(3,4,5) 526.92
1551. 2(2,3,5,7,11,12) 4(3,4,5) 526.92
1552. 2(3,4,5,6,7,8) 4(3,4,5) 526.92
1553. 2(2,4,6,7,8,11) 4(3,4,5) 526.92
1554. 2(4,6,7,8,9,11) 4(3,4,5) 526.92
1555. 2(5,6,7,8,11,12) 4(3,4,5) 526.92
1556. 2(1,4,5,6,7,9,11) 4(4,5) 526.89
1557. 2(2,4,5,6,7,10,11) 4(4,5) 526.89
1558. 2(1,3,5,6,7,10,11) 4(4,5) 526.89
1559. 2(1,4,5,6,7,10,12) 4(4,5) 526.89
1560. 2(2,4,6,7,8,9,11) 4(4,5) 526.83
1561. 2(1,6,7,10,11) 4(2,3,4,5) 526.73
1562. 2(3,6,7,11,12) 4(2,3,4,5) 526.73
1563. 2(6,7,9,10,11) 4(2,3,4,5) 526.73
1564. 2(6,7,9,11,12) 4(2,3,4,5) 526.73
1565. 2(1,4,6,7,8,11) 4(3,4,5) 526.69
1566. 2(3,4,5,6,7,11) 4(3,4,5) 526.69
1567. 2(4,5,6,7,11,12) 4(3,4,5) 526.69
1568. 2(4,6,7,8,10,11) 4(3,4,5) 526.69
1569. 2(1,2,4,6,7,8) 4(3,4,5) 526.69
1570. 2(2,3,4,5,6,7) 4(3,4,5) 526.69
1571. 2(5,6,7,9,11,12) 4(3,4,5) 526.69
1572. 2(6,7,8,9,10,11) 4(3,4,5) 526.69
1573. 2(2,4,7,8,9,11) 4(3,4,5) 526.63
1574. 2(3,5,6,7,8,12) 4(3,4,5) 526.63
1575. 2(2,4,6,7,9,10,11) 4(4,5) 526.6
1576. 2(1,2,4,6,7,9,11) 4(4,5) 526.6
1577. 2(4,5,6,7,8,9,10,11) 4(5) 526.51
1578. 2(4,5,6,7,8,9,11,12) 4(5) 526.51
1579. 2(1,3,4,5,6,7) 4(4,5,6) 526.48
1580. 2(2,3,4,5,7,8) 4(4,5,6) 526.48
1581. 2(2,3,5,7,8,9) 4(4,5,6) 526.48
1582. 2(1,4,5,6,7,10) 4(4,5,6) 526.48
1583. 2(3,4,6,7,8,9,10,11,12)  526.43
1584. 2(1,6,7,8,9,11) 4(4,5,6) 526.41
1585. 2(2,3,6,7,9,11) 4(4,5,6) 526.41
1586. 2(2,4,6,7,9,12) 4(4,5,6) 526.41
1587. 2(3,5,6,7,9,11) 4(4,5,6) 526.41
1588. 2(1,3,7,8,10,11) 4(4,5,6) 526.41
1589. 2(2,4,7,8,10,11) 4(4,5,6) 526.41
1590. 2(2,6,7,8,10,12) 4(4,5,6) 526.41
1591. 2(4,5,7,8,10,11) 4(4,5,6) 526.41
1592. 2(3,4,5,6,7,9,12) 4(4,5) 526.35
1593. 2(2,3,5,6,7,11,12) 4(4,5) 526.35
1594. 2(1,2,5,6,7,9,10,11) 4(5) 526.29
1595. 2(2,3,6,7,8,9,11,12) 4(5) 526.29
1596. 2(2,5,6,7,9,10,11,12) 4(5) 526.29
1597. 2(2,6,7,8,9,10,11,12) 4(5) 526.29
1598. 2(1,3,4,6,7,9) 4(4,5,6) 525.94
1599. 2(1,3,4,7,8,9) 4(4,5,6) 525.94
1600. 2(1,2,3,6,7,11) 4(4,5,6) 525.94
1601. 2(1,2,3,7,8,11) 4(4,5,6) 525.94
1602. 2(1,2,4,6,7,12) 4(4,5,6) 525.94
1603. 2(1,3,4,5,7,11) 4(4,5,6) 525.94
1604. 2(1,4,6,7,9,10) 4(4,5,6) 525.94
1605. 2(2,3,4,6,7,10) 4(4,5,6) 525.94
1606. 2(2,3,4,7,8,10) 4(4,5,6) 525.94
1607. 2(2,3,7,8,9,10) 4(4,5,6) 525.94
1608. 2(1,2,6,7,10,11) 4(4,5,6) 525.94
1609. 2(1,4,5,7,10,11) 4(4,5,6) 525.94
1610. 2(1,3,4,5,6,7) 4(3,4,5) 525.94
1611. 2(1,2,4,6,7,11) 4(3,4,5) 525.94
1612. 2(4,6,7,9,10,11) 4(3,4,5) 525.94
1613. 2(5,6,7,10,11,12) 4(3,4,5) 525.94
1614. 2(3,6,7,10,12) 4(3,4,5,6) 525.92
1615. 2(3,4,10,11,12) 4(3,4,5,6) 525.92
1616. 2(3,5,6,7,8,11) 4(4,5,6) 525.89
1617. 2(4,5,6,7,8,12) 4(4,5,6) 525.89
1618. 2(1,3,4,7,9,12) 4(3,4,5) 525.89
1619. 2(2,6,7,8,9,11) 4(4,5,6) 525.89
1620. 2(1,2,3,7,11,12) 4(3,4,5) 525.89
1621. 2(1,6,7,8,10,12) 4(4,5,6) 525.89
1622. 2(3,4,7,9,10,12) 4(3,4,5) 525.89
1623. 2(2,3,7,10,11,12) 4(3,4,5) 525.89
1624. 2(1,3,4,6,7,9,10) 4(4,5) 525.6
1625. 2(1,2,3,6,7,10,11) 4(4,5) 525.6
1626. 2(1,3,4,5,7,10,11) 4(4,5) 525.6
1627. 2(1,3,4,6,8,10,11) 4(4,5) 525.6
1628. 2(1,4,6,7,9,10,12) 4(4,5) 525.6
1629. 2(1,2,6,7,10,11,12) 4(4,5) 525.6
1630. 2(1,4,5,7,10,11,12) 4(4,5) 525.6
1631. 2(1,4,6,8,10,11,12) 4(4,5) 525.6
1632. 2(2,3,7,8,9,10,11,12) 4(5) 525.54
1633. 2(3,5,7,8,9,10,11,12) 4(5) 525.54
1634. 2(1,3,4,7,12) 4(3,4,5,6) 525.46
1635. 2(1,6,10,11,12) 4(3,4,5,6) 525.46
1636. 2(1,3,4,6,9,11,12) 4(4,5) 525.31
1637. 2(1,3,4,7,9,10,11) 4(4,5) 525.31
1638. 2(1,2,4,7,10,11,12) 4(4,5) 525.31
1639. 2(2,3,4,6,10,11,12) 4(4,5) 525.31
1640. 2(1,4,5,6,7,8,11,12) 4(5) 525.22
1641. 2(3,4,5,6,7,8,10,11) 4(5) 525.22
1642. 2(1,6,7,9,10,11,12) 4(3,5) 525.09
1643. 2(3,6,7,9,10,11,12) 4(3,5) 525.09
1644. 2(1,6,7,8,9,12) 4(4,5,6) 524.88
1645. 2(3,6,7,8,9,10) 4(4,5,6) 524.88
1646. 2(4,5,6,7,9,12) 4(4,5,6) 524.88
1647. 2(4,6,7,8,9,10) 4(4,5,6) 524.88
1648. 2(2,4,5,7,11,12) 4(4,5,6) 524.88
1649. 2(2,5,6,7,11,12) 4(4,5,6) 524.88
1650. 2(2,6,7,8,10,11) 4(4,5,6) 524.88
1651. 2(3,5,7,8,10,11) 4(4,5,6) 524.88
1652. 2(1,4,6,7,8,9,12) 4(4,5) 524.82
1653. 2(1,2,6,7,8,11,12) 4(4,5) 524.82
1654. 2(2,3,6,7,8,10,11) 4(4,5) 524.82
1655. 2(1,3,6,7,8,12) 4(3,4,5) 524.59
1656. 2(2,3,4,7,9,11) 4(3,4,5) 524.59
1657. 2(2,4,7,9,11,12) 4(3,4,5) 524.59
1658. 2(3,6,7,8,10,12) 4(3,4,5) 524.59
1659. 2(1,2,3,4,7,9) 4(3,4,5) 524.37
1660. 2(2,7,9,10,11,12) 4(3,4,5) 524.37
1661. 2(1,3,6,7,11,12) 4(3,4,5) 524.37
1662. 2(3,4,6,7,10,12) 4(3,4,5) 524.37
1663. 2(1,4,5,6,7,8,11) 4(4,5) 524.31
1664. 2(4,5,6,7,8,10,11) 4(4,5) 524.31
1665. 2(1,4,6,7,11) 4(3,4,5,6) 524.22
1666. 2(1,3,5,6,7,10,11,12) 4(5) 524.19
1667. 2(1,3,6,7,8,10,11,12) 4(5) 524.19
1668. 2(3,6,7,9,11) 4(3,4,5,6) 524.15
1669. 2(4,7,8,10,11) 4(3,4,5,6) 524.15
1670. 2(1,3,6,7,9,11) 4(4,5,6) 523.61
1671. 2(1,4,7,8,10,11) 4(4,5,6) 523.61
1672. 2(2,4,6,7,10,12) 4(4,5,6) 523.61
1673. 2(2,6,7,9,10,12) 4(4,5,6) 523.61
1674. 2(3,4,6,11,12) 4(3,4,5,6) 523.4
1675. 2(4,6,7,10,12) 4(3,4,5,6) 523.4
1676. 2(1,2,3,4,5,6,11) 4(4,5) 523.33
1677. 2(4,5,6,9,10,11,12) 4(4,5) 523.33
1678. 2(1,3,4,5,6,10,11) 4(4,5) 523.33
1679. 2(1,4,5,6,10,11,12) 4(4,5) 523.33
1680. 2(4,6,7,8,9,11,12) 4(3,5) 523.3
1681. 2(4,6,7,11) 4(2,3,4,5,6) 523.17
1682. 2(2,3,5,7,8) 4(3,4,5,6) 523.16
1683. 2(3,4,6,7,8) 4(3,4,5,6) 523.16
1684. 2(2,3,4,7,11) 4(3,4,5,6) 523.16
1685. 2(5,6,7,10,11) 4(3,4,5,6) 523.16
1686. 2(1,4,6,7,8,9,11) 4(4,5) 523.02
1687. 2(3,4,5,6,7,9,11) 4(4,5) 523.02
1688. 2(2,4,5,6,7,11,12) 4(4,5) 523.02
1689. 2(2,4,6,7,8,10,11) 4(4,5) 523.02
1690. 2(2,3,6,7,8,9,11) 4(4,5) 523.02
1691. 2(2,4,6,7,8,9,12) 4(4,5) 523.02
1692. 2(1,3,5,6,7,11,12) 4(4,5) 523.02
1693. 2(3,4,5,6,7,10,12) 4(4,5) 523.02
1694. 2(2,3,6,7,8,9) 4(3,4,5) 522.82
1695. 2(2,4,6,7,8,12) 4(3,4,5) 522.82
1696. 2(2,6,7,8,9,12) 4(3,4,5) 522.82
1697. 2(3,6,7,8,9,11) 4(3,4,5) 522.82
1698. 2(1,3,4,6,7,8,11) 4(3,5) 522.79
1699. 2(1,5,6,7,9,10,11) 4(3,5) 522.79
1700. 2(3,6,7,8,9,11,12) 4(3,5) 522.79
1701. 2(4,6,7,8,10,11,12) 4(3,5) 522.79
1702. 2(4,6,7,9,12) 4(3,4,5,6) 522.62
1703. 2(2,6,7,11,12) 4(3,4,5,6) 522.62
1704. 2(4,5,7,11,12) 4(3,4,5,6) 522.62
1705. 2(4,6,8,11,12) 4(3,4,5,6) 522.62
1706. 2(2,4,6,7,9,11) 4(4,5,6) 522.56
1707. 2(4,5,6,7,8,11) 4(4,5,6) 522.56
1708. 2(5,6,7,8,9,11) 4(4,5,6) 522.56
1709. 2(5,6,7,8,10,12) 4(4,5,6) 522.56
1710. 2(1,3,4,6,7,8,9,11) 4(5) 522.42
1711. 2(1,4,6,7,8,9,10,11) 4(5) 522.42
1712. 2(1,4,6,7,10,11) 4(3,4,5) 522.39
1713. 2(5,6,9,10,11,12) 4(3,4,5) 522.39
1714. 2(1,2,3,6,7,8) 4(3,4,5) 522.07
1715. 2(3,4,6,7,9,11) 4(3,4,5) 522.07
1716. 2(2,4,6,7,11,12) 4(3,4,5) 522.07
1717. 2(6,7,8,9,10,12) 4(3,4,5) 522.07
1718. 2(1,2,3,4,7,9,11) 4(4,5) 521.98
1719. 2(2,4,7,9,10,11,12) 4(4,5) 521.98
1720. 2(4,7,11,12) 4(2,3,4,5,6) 521.89
1721. 2(3,7,11,12) 4(2,3,4,5,6) 521.89
1722. 2(1,4,7,11,12) 4(3,4,5,6) 521.87
1723. 2(1,6,7,11,12) 4(3,4,5,6) 521.87
1724. 2(3,4,7,10,11) 4(3,4,5,6) 521.87
1725. 2(3,6,7,10,11) 4(3,4,5,6) 521.87
1726. 2(1,6,7,8,9,10,11,12) 4(5) 521.67
1727. 2(3,5,6,7,9,10,11,12) 4(5) 521.67
1728. 2(1,3,7,11,12) 4(3,4,5,6) 521.59
1729. 2(3,4,7,10,12) 4(3,4,5,6) 521.59
1730. 2(1,7,10,11,12) 4(3,4,5,6) 521.59
1731. 2(3,6,10,11,12) 4(3,4,5,6) 521.59
1732. 2(1,2,3,4,6,10,11) 4(4,5) 521.52
1733. 2(1,4,6,9,10,11,12) 4(4,5) 521.52
1734. 2(1,3,6,7,9,10,11,12) 4(5) 521.39
1735. 2(3,4,7,11,12) 4(2,3,4,5) 521.36
1736. 2(7,9,10,11,12) 4(2,3,4,5) 521.36
1737. 2(3,4,6,7,8,9) 4(3,4,5) 521.29
1738. 2(2,3,6,7,8,11) 4(3,4,5) 521.29
1739. 2(4,6,7,8,9,12) 4(3,4,5) 521.29
1740. 2(2,6,7,8,11,12) 4(3,4,5) 521.29
1741. 2(1,4,6,7,8,9,11,12) 4(5) 520.89
1742. 2(3,4,6,7,8,9,10,11) 4(5) 520.89
1743. 2(2,3,4,5,7,12) 4(3,4,5) 520.78
1744. 2(2,3,5,7,9,12) 4(3,4,5) 520.78
1745. 2(3,4,6,7,9,12) 4(3,4,5) 520.78
1746. 2(1,4,7,8,11,12) 4(3,4,5) 520.78
1747. 2(1,7,8,9,11,12) 4(3,4,5) 520.78
1748. 2(2,3,6,7,11,12) 4(3,4,5) 520.78
1749. 2(3,4,5,7,11,12) 4(3,4,5) 520.78
1750. 2(3,4,7,8,10,11) 4(3,4,5) 520.78
1751. 2(3,5,7,9,11,12) 4(3,4,5) 520.78
1752. 2(3,7,8,9,10,11) 4(3,4,5) 520.78
1753. 2(4,7,8,9,10,12) 4(3,4,5) 520.78
1754. 2(2,7,8,10,11,12) 4(3,4,5) 520.78
1755. 2(4,6,7,8,11) 4(3,4,5,6) 520.58
1756. 2(4,6,7,9,11) 4(3,4,5,6) 520.58
1757. 2(1,4,6,7,9,12) 4(4,5,6) 520.54
1758. 2(3,4,6,7,9,10) 4(4,5,6) 520.54
1759. 2(3,4,7,8,9,10) 4(4,5,6) 520.54
1760. 2(1,2,6,7,11,12) 4(4,5,6) 520.54
1761. 2(1,4,5,7,11,12) 4(4,5,6) 520.54
1762. 2(2,3,6,7,10,11) 4(4,5,6) 520.54
1763. 2(2,3,7,8,10,11) 4(4,5,6) 520.54
1764. 2(3,4,5,7,10,11) 4(4,5,6) 520.54
1765. 2(5,6,8,9,10,11,12) 4(4,5) 520.28
1766. 2(2,3,4,5,6,7,12) 4(4,5) 520.21
1767. 2(3,5,6,7,9,11,12) 4(4,5) 520.21
1768. 2(3,6,7,9,12) 4(3,4,5,6) 519.53
1769. 2(2,7,8,10,12) 4(3,4,5,6) 519.53
1770. 2(4,7,8,10,12) 4(3,4,5,6) 519.53
1771. 2(4,8,10,11,12) 4(3,4,5,6) 519.53
1772. 2(1,2,3,4,6,7,9) 4(4,5) 519.46
1773. 2(2,6,7,9,10,11,12) 4(4,5) 519.46
1774. 2(2,5,7,8,12) 4(3,4,5,6) 519.29
1775. 2(3,4,7,9,11) 4(3,4,5,6) 519.29
1776. 2(3,6,7,8,11) 4(3,4,5,6) 519.29
1777. 2(4,6,7,8,12) 4(3,4,5,6) 519.29
1778. 2(2,4,7,11,12) 4(3,4,5,6) 519.29
1779. 2(4,7,9,10,11) 4(3,4,5,6) 519.29
1780. 2(5,6,7,11,12) 4(3,4,5,6) 519.29
1781. 2(6,7,8,10,11) 4(3,4,5,6) 519.29
1782. 2(1,2,4,5,6,7,11) 4(4,5) 519.22
1783. 2(1,3,4,5,6,7,10) 4(4,5) 519.22
1784. 2(4,5,6,7,9,10,11) 4(4,5) 519.22
1785. 2(1,5,6,7,10,11,12) 4(4,5) 519.22
1786. 2(3,4,5,6,7,8,11,12) 4(5) 519.09
1787. 2(4,5,6,7,8,10,11,12) 4(5) 519.09
1788. 2(3,4,6,7,11) 4(2,3,4,5) 519.06
1789. 2(4,6,7,11,12) 4(2,3,4,5) 519.06
1790. 2(6,7,10,11,12) 4(2,3,4,5) 519.06
1791. 2(5,7,8,10,12) 4(3,4,5,6) 519.01
1792. 2(6,7,8,10,12) 4(3,4,5,6) 519.01
1793. 2(1,3,6,7,8,11) 4(4,5,6) 518.74
1794. 2(2,4,6,7,8,12) 4(4,5,6) 518.74
1795. 2(2,6,7,8,9,12) 4(4,5,6) 518.74
1796. 2(3,4,5,7,8,11) 4(4,5,6) 518.74
1797. 2(1,6,7,8,10,11) 4(4,5,6) 518.74
1798. 2(2,6,7,9,10,11) 4(4,5,6) 518.74
1799. 2(4,5,6,7,10,12) 4(4,5,6) 518.74
1800. 2(1,6,7,9,10,12) 4(4,5,6) 518.74
1801. 2(1,6,7,8,9,11,12) 4(4,5) 518.68
1802. 2(3,6,7,8,9,10,11) 4(4,5) 518.68
1803. 2(4,6,7,8,9,10,12) 4(4,5) 518.68
1804. 2(2,6,7,8,10,11,12) 4(4,5) 518.68
1805. 2(1,3,7,8,12) 4(3,4,5,6) 518.26
1806. 2(2,4,6,7,8,11) 4(4,5,6) 518.22
1807. 2(4,5,6,7,9,11) 4(4,5,6) 518.22
1808. 2(5,6,7,8,9,12) 4(4,5,6) 518.22
1809. 2(5,6,7,8,10,11) 4(4,5,6) 518.22
1810. 2(7,9,10,11) 4(2,3,4,5,6) 518.02
1811. 2(7,9,10,12) 4(2,3,4,5,6) 518.02
1812. 2(1,7,8,11,12) 4(3,4,5,6) 518.0
1813. 2(1,7,9,11,12) 4(3,4,5,6) 518.0
1814. 2(3,5,7,11,12) 4(3,4,5,6) 518.0
1815. 2(3,6,8,11,12) 4(3,4,5,6) 518.0
1816. 2(3,7,8,10,11) 4(3,4,5,6) 518.0
1817. 2(3,7,9,10,11) 4(3,4,5,6) 518.0
1818. 2(4,7,9,10,12) 4(3,4,5,6) 518.0
1819. 2(2,7,10,11,12) 4(3,4,5,6) 518.0
1820. 2(1,2,3,4,5,7,11) 4(4,5) 517.93
1821. 2(1,2,3,4,6,8,11) 4(4,5) 517.93
1822. 2(4,5,7,9,10,11,12) 4(4,5) 517.93
1823. 2(4,6,8,9,10,11,12) 4(4,5) 517.93
1824. 2(1,2,3,4,6,11,12) 4(4,5) 517.65
1825. 2(1,2,3,4,7,10,11) 4(4,5) 517.65
1826. 2(1,4,7,9,10,11,12) 4(4,5) 517.65
1827. 2(3,4,6,9,10,11,12) 4(4,5) 517.65
1828. 2(3,4,6,7,10,11,12) 4(3,5) 517.42
1829. 2(3,7,8,9,10,11,12) 4(3,5) 517.42
1830. 2(3,4,6,7,8,9) 4(4,5,6) 517.21
1831. 2(1,4,6,7,8,12) 4(4,5,6) 517.21
1832. 2(2,3,6,7,8,11) 4(4,5,6) 517.21
1833. 2(3,4,6,7,8,10) 4(4,5,6) 517.21
1834. 2(1,5,6,7,11,12) 4(4,5,6) 517.21
1835. 2(3,5,6,7,10,11) 4(4,5,6) 517.21
1836. 2(1,2,4,7,11,12) 4(4,5,6) 517.21
1837. 2(2,3,4,7,10,11) 4(4,5,6) 517.21
1838. 2(1,2,3,4,5,7) 4(3,4,5) 516.99
1839. 2(1,4,6,7,11,12) 4(3,4,5) 516.99
1840. 2(3,4,6,7,10,11) 4(3,4,5) 516.99
1841. 2(5,7,9,10,11,12) 4(3,4,5) 516.99
1842. 2(4,7,8,9,11) 4(3,4,5,6) 516.71
1843. 2(6,7,8,9,11) 4(3,4,5,6) 516.71
1844. 2(1,2,3,4,7,11) 4(3,4,5) 516.7
1845. 2(4,7,9,10,11,12) 4(3,4,5) 516.7
1846. 2(1,3,4,6,7,12) 4(3,4,5) 516.7
1847. 2(3,6,7,10,11,12) 4(3,4,5) 516.7
1848. 2(5,6,7,8,9,11,12) 4(4,5) 516.64
1849. 2(5,6,7,8,10,11,12) 4(4,5) 516.64
1850. 2(2,4,7,8,12) 4(3,4,5,6) 516.49
1851. 2(1,2,3,4,6,7) 4(4,5,6) 516.01
1852. 2(1,2,3,4,7,8) 4(4,5,6) 516.01
1853. 2(2,3,4,7,12) 4(3,4,5,6) 515.74
1854. 2(3,4,6,7,12) 4(3,4,5,6) 515.74
1855. 2(4,6,10,11,12) 4(3,4,5,6) 515.74
1856. 2(5,6,10,11,12) 4(3,4,5,6) 515.74
1857. 2(2,3,4,6,7,9,12) 4(4,5) 515.59
1858. 2(2,3,6,7,9,11,12) 4(4,5) 515.59
1859. 2(1,3,6,7,9,11,12) 4(4,5) 515.59
1860. 2(2,3,4,6,7,10,12) 4(4,5) 515.59
1861. 2(1,2,4,6,7,8,11) 4(4,5) 515.35
1862. 2(2,3,4,5,6,7,11) 4(4,5) 515.35
1863. 2(4,5,6,7,9,11,12) 4(4,5) 515.35
1864. 2(4,6,7,8,9,10,11) 4(4,5) 515.35
1865. 2(1,3,4,5,6,7,12) 4(4,5) 515.35
1866. 2(2,6,7,8,9,11,12) 4(4,5) 515.35
1867. 2(1,6,7,8,10,11,12) 4(4,5) 515.35
1868. 2(3,5,6,7,10,11,12) 4(4,5) 515.35
1869. 2(5,6,7,8,9,10,11,12) 4(5) 515.29
1870. 2(3,4,6,7,8,11,12) 4(3,5) 515.12
1871. 2(5,6,7,9,10,11,12) 4(3,5) 515.12
1872. 2(6,7,8,9,10,11,12) 4(3,5) 515.12
1873. 2(2,4,6,7,9,11,12) 4(4,5) 515.07
1874. 2(2,3,4,6,7,9,11) 4(4,5) 515.07
1875. 2(6,7,10,11) 4(2,3,4,5,6) 514.97
1876. 2(6,7,11,12) 4(2,3,4,5,6) 514.97
1877. 2(2,3,7,8,11) 4(3,4,5,6) 514.96
1878. 2(5,7,9,10,11) 4(3,4,5,6) 514.96
1879. 2(1,3,4,6,7,8) 4(4,5,6) 514.95
1880. 2(2,3,4,6,7,8) 4(4,5,6) 514.95
1881. 2(2,3,4,7,8,9) 4(4,5,6) 514.95
1882. 2(1,2,4,6,7,11) 4(4,5,6) 514.95
1883. 2(1,3,4,6,7,10) 4(4,5,6) 514.95
1884. 2(1,4,5,6,7,11) 4(4,5,6) 514.95
1885. 2(1,5,6,7,10,11) 4(4,5,6) 514.95
1886. 2(1,2,3,4,7,11) 4(4,5,6) 514.95
1887. 2(1,3,4,7,8,11) 4(3,4,5) 514.65
1888. 2(2,3,4,6,7,12) 4(3,4,5) 514.65
1889. 2(3,6,7,9,11,12) 4(3,4,5) 514.65
1890. 2(4,7,8,10,11,12) 4(3,4,5) 514.65
1891. 2(1,3,4,6,7,8) 4(3,4,5) 514.41
1892. 2(2,3,4,6,7,11) 4(3,4,5) 514.41
1893. 2(4,6,7,9,11,12) 4(3,4,5) 514.41
1894. 2(6,7,8,10,11,12) 4(3,4,5) 514.41
1895. 2(1,3,4,6,10,11,12) 4(4,5) 514.32
1896. 2(2,3,4,5,7,11,12) 4(4,5) 514.06
1897. 2(2,3,4,6,8,11,12) 4(4,5) 514.06
1898. 2(3,4,5,7,9,11,12) 4(4,5) 514.06
1899. 2(3,4,6,8,9,11,12) 4(4,5) 514.06
1900. 2(1,3,4,6,7,9,12) 4(4,5) 514.06
1901. 2(1,2,3,6,7,11,12) 4(4,5) 514.06
1902. 2(3,4,6,7,9,10,12) 4(4,5) 514.06
1903. 2(2,3,6,7,10,11,12) 4(4,5) 514.06
1904. 2(1,5,6,7,9,10,11,12) 4(5) 514.0
1905. 2(3,6,7,8,9,10,11,12) 4(5) 514.0
1906. 2(2,3,4,7,9,12) 4(3,4,5) 512.83
1907. 2(1,3,7,8,11,12) 4(3,4,5) 512.83
1908. 2(2,3,7,9,11,12) 4(3,4,5) 512.83
1909. 2(3,4,7,8,10,12) 4(3,4,5) 512.83
1910. 2(3,4,5,6,7,8,11) 4(4,5) 512.77
1911. 2(4,5,6,7,8,11,12) 4(4,5) 512.77
1912. 2(2,3,4,7,8) 4(3,4,5,6) 512.69
1913. 2(3,4,6,7,11) 4(3,4,5,6) 512.69
1914. 2(4,6,7,10,11) 4(3,4,5,6) 512.69
1915. 2(1,4,6,7,8,10,11) 4(4,5) 512.54
1916. 2(1,2,3,4,7,12) 4(3,4,5) 512.08
1917. 2(1,3,4,7,11,12) 4(3,4,5) 512.08
1918. 2(3,4,7,10,11,12) 4(3,4,5) 512.08
1919. 2(3,7,9,10,11,12) 4(3,4,5) 512.08
1920. 2(3,4,8,11,12) 4(3,4,5,6) 511.87
1921. 2(6,7,9,10,12) 4(3,4,5,6) 511.87
1922. 2(1,2,3,4,6,7,10) 4(4,5) 511.79
1923. 2(1,2,4,6,7,10,11) 4(4,5) 511.79
1924. 2(1,4,6,7,9,10,11) 4(4,5) 511.79
1925. 2(1,6,7,9,10,11,12) 4(4,5) 511.79
1926. 2(3,5,7,8,12) 4(3,4,5,6) 511.34
1927. 2(3,6,7,8,12) 4(3,4,5,6) 511.34
1928. 2(1,4,6,7,8,11) 4(4,5,6) 511.08
1929. 2(1,4,6,7,9,11) 4(4,5,6) 511.08
1930. 2(3,4,5,6,7,11) 4(4,5,6) 511.08
1931. 2(2,4,6,7,10,11) 4(4,5,6) 511.08
1932. 2(5,6,7,9,10,12) 4(4,5,6) 511.08
1933. 2(1,3,4,7,10,11) 4(4,5,6) 511.08
1934. 2(1,3,6,7,10,11) 4(4,5,6) 511.08
1935. 2(1,4,6,7,10,12) 4(4,5,6) 511.08
1936. 2(1,4,5,6,7,11,12) 4(4,5) 511.01
1937. 2(3,4,5,6,7,10,11) 4(4,5) 511.01
1938. 2(1,2,3,4,6,7) 4(3,4,5) 510.85
1939. 2(1,3,4,6,7,11) 4(3,4,5) 510.85
1940. 2(4,6,7,10,11,12) 4(3,4,5) 510.85
1941. 2(6,7,9,10,11,12) 4(3,4,5) 510.85
1942. 2(3,4,7,8,9,11) 4(3,4,5) 510.54
1943. 2(2,4,7,8,11,12) 4(3,4,5) 510.54
1944. 2(2,3,6,7,8,12) 4(3,4,5) 510.54
1945. 2(3,6,7,8,9,12) 4(3,4,5) 510.54
1946. 2(7,9,11,12) 4(2,3,4,5,6) 510.35
1947. 2(7,10,11,12) 4(2,3,4,5,6) 510.35
1948. 2(3,4,7,9,12) 4(3,4,5,6) 510.34
1949. 2(2,3,7,11,12) 4(3,4,5,6) 510.34
1950. 2(5,7,10,11,12) 4(3,4,5,6) 510.34
1951. 2(6,8,10,11,12) 4(3,4,5,6) 510.34
1952. 2(1,3,4,6,7,8,10,11) 4(5) 510.13
1953. 2(1,4,6,7,8,10,11,12) 4(5) 510.13
1954. 2(3,7,9,10,12) 4(3,4,5,6) 510.05
1955. 2(3,8,10,11,12) 4(3,4,5,6) 510.05
1956. 2(3,4,7,8,11) 4(3,4,5,6) 508.82
1957. 2(6,7,9,10,11) 4(3,4,5,6) 508.82
1958. 2(1,2,3,4,5,6,7) 4(4,5) 508.75
1959. 2(1,4,5,6,7,10,11) 4(4,5) 508.75
1960. 2(5,6,7,9,10,11,12) 4(4,5) 508.75
1961. 2(1,6,7,9,10,11) 4(4,5,6) 508.27
1962. 2(1,3,4,7,8,11) 4(4,5,6) 508.27
1963. 2(1,3,4,6,7,9,11) 4(4,5) 507.92
1964. 2(2,4,6,7,10,11,12) 4(4,5) 507.92
1965. 2(6,7,8,9,12) 4(3,4,5,6) 507.76
1966. 2(5,7,8,11,12) 4(3,4,5,6) 507.76
1967. 2(2,3,4,6,7,8) 4(3,4,5) 507.49
1968. 2(3,4,6,7,8,11) 4(3,4,5) 507.49
1969. 2(4,6,7,8,11,12) 4(3,4,5) 507.49
1970. 2(6,7,8,9,11,12) 4(3,4,5) 507.49
1971. 2(1,3,4,6,7,10,12) 4(4,5) 507.4
1972. 2(1,3,6,7,10,11,12) 4(4,5) 507.4
1973. 2(3,6,7,8,9,11) 4(4,5,6) 507.21
1974. 2(3,5,6,7,11,12) 4(4,5,6) 507.21
1975. 2(4,5,7,8,11,12) 4(4,5,6) 507.21
1976. 2(4,6,7,8,10,12) 4(4,5,6) 507.21
1977. 2(3,4,6,7,8,9,11,12) 4(5) 507.09
1978. 2(4,6,7,8,9,10,11,12) 4(5) 507.09
1979. 2(3,7,8,10,12) 4(3,4,5,6) 506.72
1980. 2(4,6,7,8,9,11) 4(4,5,6) 506.68
1981. 2(5,6,7,8,11,12) 4(4,5,6) 506.68
1982. 2(1,2,4,6,7,11,12) 4(4,5) 506.39
1983. 2(1,4,6,7,9,11,12) 4(4,5) 506.39
1984. 2(2,3,4,6,7,10,11) 4(4,5) 506.39
1985. 2(3,4,6,7,9,10,11) 4(4,5) 506.39
1986. 2(1,3,4,7,9,11,12) 4(4,5) 506.11
1987. 2(2,3,4,7,10,11,12) 4(4,5) 506.11
1988. 2(4,6,7,8,9,12) 4(4,5,6) 505.68
1989. 2(1,6,7,8,11,12) 4(4,5,6) 505.68
1990. 2(2,6,7,8,11,12) 4(4,5,6) 505.68
1991. 2(3,6,7,8,10,11) 4(4,5,6) 505.68
1992. 2(1,3,4,7,8,12) 4(3,4,5) 505.17
1993. 2(2,3,4,7,11,12) 4(3,4,5) 505.17
1994. 2(3,4,7,9,11,12) 4(3,4,5) 505.17
1995. 2(3,7,8,10,11,12) 4(3,4,5) 505.17
1996. 2(3,7,8,9,11) 4(3,4,5,6) 504.95
1997. 2(1,3,4,5,6,7,11) 4(4,5) 504.88
1998. 2(4,5,6,7,10,11,12) 4(4,5) 504.88
1999. 2(3,6,7,11,12) 4(3,4,5,6) 504.2
2000. 2(4,7,10,11,12) 4(3,4,5,6) 504.2
2001. 2(3,4,6,7,8,9,11) 4(4,5) 503.81
2002. 2(2,4,6,7,8,11,12) 4(4,5) 503.81
2003. 2(2,7,8,11,12) 4(3,4,5,6) 503.42
2004. 2(5,7,9,11,12) 4(3,4,5,6) 503.42
2005. 2(4,5,6,7,10,11) 4(4,5,6) 503.41
2006. 2(2,3,4,7,8,11) 4(4,5,6) 503.41
2007. 2(5,6,7,9,10,11) 4(4,5,6) 503.41
2008. 2(2,3,4,6,7,11) 4(4,5,6) 503.41
2009. 2(1,4,7,8,11,12) 4(4,5,6) 502.87
2010. 2(1,6,7,9,11,12) 4(4,5,6) 502.87
2011. 2(3,4,7,8,10,11) 4(4,5,6) 502.87
2012. 2(3,6,7,9,10,11) 4(4,5,6) 502.87
2013. 2(4,6,7,9,10,12) 4(4,5,6) 502.87
2014. 2(2,6,7,10,11,12) 4(4,5,6) 502.87
2015. 2(4,7,8,9,11,12) 4(3,4,5) 502.87
2016. 2(2,3,4,7,8,11) 4(3,4,5) 502.87
2017. 2(3,4,6,7,8,12) 4(3,4,5) 502.87
2018. 2(3,6,7,8,11,12) 4(3,4,5) 502.87
2019. 2(2,3,4,7,9,11,12) 4(4,5) 502.78
2020. 2(1,3,4,6,7,8,11,12) 4(5) 502.47
2021. 2(3,4,6,7,8,10,11,12) 4(5) 502.47
2022. 2(9,10,11,12) 4(2,3,4,5,6) 502.4
2023. 2(3,7,10,11,12) 4(3,4,5,6) 502.39
2024. 2(4,6,7,11,12) 4(3,4,5,6) 501.15
2025. 2(3,4,5,6,7,11,12) 4(4,5) 501.01
2026. 2(1,2,3,4,6,7,12) 4(4,5) 500.26
2027. 2(3,6,7,9,10,11,12) 4(4,5) 500.26
2028. 2(4,7,9,11,12) 4(3,4,5,6) 500.09
2029. 2(6,7,8,11,12) 4(3,4,5,6) 500.09
2030. 2(3,4,6,7,9,11) 4(4,5,6) 499.54
2031. 2(2,4,6,7,11,12) 4(4,5,6) 499.54
2032. 2(2,4,7,8,11,12) 4(4,5,6) 499.54
2033. 2(4,5,6,7,11,12) 4(4,5,6) 499.54
2034. 2(4,6,7,8,10,11) 4(4,5,6) 499.54
2035. 2(5,6,7,9,11,12) 4(4,5,6) 499.54
2036. 2(6,7,8,9,10,11) 4(4,5,6) 499.54
2037. 2(6,7,8,9,10,12) 4(4,5,6) 499.54
2038. 2(1,4,6,7,8,11,12) 4(4,5) 499.48
2039. 2(3,4,6,7,8,10,11) 4(4,5) 499.48
2040. 2(3,4,6,7,11,12) 4(3,4,5) 499.31
2041. 2(7,8,9,10,11,12) 4(3,4,5) 499.31
2042. 2(3,4,7,9,10,11,12) 4(4,5) 498.44
2043. 2(4,7,8,11,12) 4(3,4,5,6) 497.28
2044. 2(6,7,9,11,12) 4(3,4,5,6) 497.28
2045. 2(6,7,8,9,10,11,12) 4(4,5) 497.21
2046. 2(2,3,7,8,12) 4(3,4,5,6) 496.53
2047. 2(3,4,7,8,12) 4(3,4,5,6) 496.53
2048. 2(3,4,7,11,12) 4(3,4,5,6) 496.53
2049. 2(6,7,10,11,12) 4(3,4,5,6) 496.53
2050. 2(2,3,4,6,7,8,11) 4(4,5) 496.15
2051. 2(4,6,7,8,9,11,12) 4(4,5) 496.15
2052. 2(1,3,4,6,7,10,11,12) 4(5) 494.52
2053. 2(3,4,7,8,9,12) 4(3,4,5) 493.91
2054. 2(2,3,7,8,11,12) 4(3,4,5) 493.91
2055. 2(1,3,4,6,7,8,11) 4(4,5) 493.34
2056. 2(4,6,7,8,10,11,12) 4(4,5) 493.34
2057. 2(1,4,6,7,10,11) 4(4,5,6) 492.94
2058. 2(1,3,4,6,7,11) 4(4,5,6) 492.94
2059. 2(3,7,9,11,12) 4(3,4,5,6) 492.66
2060. 2(7,8,10,11,12) 4(3,4,5,6) 492.66
2061. 2(1,2,3,4,6,7,11) 4(4,5) 492.59
2062. 2(1,4,6,7,10,11,12) 4(4,5) 492.59
2063. 2(4,6,7,9,10,11,12) 4(4,5) 492.59
2064. 2(1,3,4,6,7,10,11) 4(4,5) 492.59
2065. 2(3,4,6,7,8,11) 4(4,5,6) 491.88
2066. 2(4,6,7,9,10,11) 4(4,5,6) 491.88
2067. 2(1,6,7,10,11,12) 4(4,5,6) 491.88
2068. 2(5,6,7,10,11,12) 4(4,5,6) 491.88
2069. 2(2,3,4,6,7,11,12) 4(4,5) 488.72
2070. 2(3,4,6,7,9,11,12) 4(4,5) 488.72
2071. 2(3,4,7,8,11,12) 4(3,4,5) 487.78
2072. 2(3,7,8,9,11,12) 4(3,4,5) 487.78
2073. 2(1,4,6,7,11,12) 4(4,5,6) 487.54
2074. 2(3,4,6,7,10,11) 4(4,5,6) 487.54
2075. 2(3,6,7,9,11,12) 4(4,5,6) 485.2
2076. 2(4,7,8,10,11,12) 4(4,5,6) 485.2
2077. 2(3,7,8,11,12) 4(3,4,5,6) 485.0
2078. 2(7,9,10,11,12) 4(3,4,5,6) 485.0
2079. 2(1,3,4,6,7,11,12) 4(4,5) 481.06
2080. 2(3,4,6,7,10,11,12) 4(4,5) 481.06
2081. 2(6,7,8,9,11,12) 4(4,5,6) 480.34
2082. 2(4,6,7,8,11,12) 4(4,5,6) 480.34
2083. 2(4,6,7,9,11,12) 4(4,5,6) 480.34
2084. 2(6,7,8,10,11,12) 4(4,5,6) 480.34
2085. 2(7,8,9,11,12) 4(3,4,5,6) 478.08
2086. 2(3,4,6,7,8,11,12) 4(4,5) 474.14
2087. 2(3,4,6,7,11,12) 4(4,5,6) 469.87
2088. 2(4,6,7,10,11,12) 4(4,5,6) 469.87
