1. 2(5) 4(4,5) 656.87
2. 2(1,7,9)  653.0
3. 2(2,7,10)  653.0
4. 2(5,8) 4(5) 650.57
5. 2(1,8) 4(5) 635.1
6. 2(8,10) 4(5) 635.1
7. 4(3,4,5) 628.5
8. 2(12) 4(3,5) 622.5
9. 2(1,12) 4(5) 613.33
10. 2(6,7,9)  613.03
11. 2(6,7,8)  606.73
12. 2(2) 4(4,5) 601.43
13. 2(9) 4(4,5) 601.43
14. 2(8,9) 4(5) 598.53
15. 2(7) 4(3,5) 594.93
16. 2(2,7,11)  594.67
17. 2(5,7,11)  594.67
18. 2(5,7) 4(5) 585.77
19. 2(1,7,11)  561.0
20. 2(2,7) 4(5) 552.1
21. 2(7,9) 4(5) 552.1
22. 4(4,5,6) 552.0
23. 2(3,8) 4(5) 543.1
24. 2(8,12) 4(5) 543.1
25. 2(3,12) 4(5) 539.7
26. 2(3,6,7)  521.03
27. 2(6,7,12)  521.03
28. 2(6) 4(4,5) 518.43
29. 2(7,8) 4(5) 512.13
30. 2(1,7) 4(5) 496.67
31. 2(7,10) 4(5) 496.67
32. 2(3,7,11)  469.0
33. 2(7,10,11)  469.0
34. 2(4) 4(4,5) 463.0
35. 2(11) 4(4,5) 463.0
36. 2(6,7,11)  429.03
37. 2(3,7) 4(5) 404.67
38. 2(7,12) 4(5) 404.67
39. 2(7) 4(4,5) 380.0
40. 2(7,11,12)  377.0
41. 2(6,7) 4(5) 373.7
42. 2(7,11) 4(5) 321.67
