1. 4(2,3,4,5) 628.5
2. 2(1,9) 4(4,5) 618.27
3. 2(2,10) 4(4,5) 618.27
4. 2(1,12) 4(3,5) 617.92
5. 2(10) 4(3,4,5) 613.47
6. 2(2,6,7,9)  613.03
7. 2(1,8,9) 4(5) 607.43
8. 2(5,6,7,8)  606.73
9. 2(1,8,10) 4(5) 605.73
10. 2(5) 4(4,5,6) 602.93
11. 2(2,5) 4(4,5) 599.98
12. 2(5,9) 4(4,5) 599.98
13. 2(6) 4(3,4,5) 599.68
14. 2(2,9) 4(4,5) 598.28
15. 2(1,8,12) 4(5) 596.55
16. 2(3,8,10) 4(5) 596.55
17. 2(2,5,7,11)  594.67
18. 2(2,7,9) 4(5) 591.95
19. 2(5,7) 4(3,5) 590.35
20. 4(3,4,5,6) 590.25
21. 2(5,7,8) 4(5) 588.8
22. 2(3,5,8) 4(5) 587.45
23. 2(5,8,12) 4(5) 587.45
24. 2(1,7) 4(3,5) 587.3
25. 2(7,10) 4(3,5) 587.3
26. 2(1,6,7,9)  587.02
27. 2(3,6,7,9)  587.02
28. 2(5,6) 4(4,5) 584.5
29. 2(1,7,9) 4(5) 584.22
30. 2(2,7,10) 4(5) 584.22
31. 2(2,6,7,8)  583.87
32. 2(6,7,8,9)  583.87
33. 2(2,5,7) 4(5) 582.77
34. 2(5,7,9) 4(5) 582.77
35. 2(3,12) 4(3,5) 581.1
36. 2(1,2,7,11)  577.83
37. 2(1,5,7,11)  577.83
38. 2(3,5,7,11)  577.83
39. 2(2,7,10,11)  577.83
40. 2(4,5) 4(4,5) 576.77
41. 2(5,11) 4(4,5) 576.77
42. 2(2,6) 4(4,5) 576.77
43. 2(6,9) 4(4,5) 576.77
44. 2(3,10,12) 4(5) 574.87
45. 2(2,7) 4(3,5) 573.52
46. 2(7,9) 4(3,5) 573.52
47. 2(9,10) 4(4,5) 572.27
48. 2(4) 4(3,4,5) 571.97
49. 2(11) 4(3,4,5) 571.97
50. 2(5,8,9) 4(5) 569.17
51. 2(4,9) 4(4,5) 565.88
52. 2(2,11) 4(4,5) 565.88
53. 2(1,7,8) 4(5) 564.23
54. 2(7,8,10) 4(5) 564.23
55. 2(3,8,9) 4(5) 561.43
56. 2(8,9,10) 4(5) 561.43
57. 2(1,3,8) 4(5) 559.73
58. 2(8,10,12) 4(5) 559.73
59. 2(1,6,7,12)  557.85
60. 2(2,6,7,11)  557.85
61. 2(3,6,7,10)  557.85
62. 2(1,5,7) 4(5) 555.05
63. 2(3,5,7) 4(5) 555.05
64. 2(5,7,10) 4(5) 555.05
65. 2(5,7,12) 4(5) 555.05
66. 2(6,7) 4(3,5) 553.53
67. 2(7,8) 4(3,5) 553.53
68. 2(5,7) 4(4,5) 552.1
69. 2(6,8) 4(4,5) 552.1
70. 2(1,11) 4(4,5) 549.05
71. 2(4,10) 4(4,5) 549.05
72. 2(2,7,8) 4(5) 545.95
73. 2(7,8,9) 4(5) 545.95
74. 2(12) 4(3,4,5) 544.25
75. 2(3,7) 4(3,5) 541.3
76. 2(7,12) 4(3,5) 541.3
77. 2(6,7,9,10)  541.02
78. 2(6,7,9,12)  541.02
79. 2(1,2,7) 4(5) 538.22
80. 2(3,7,9) 4(5) 538.22
81. 2(2,7,12) 4(5) 538.22
82. 2(7,9,10) 4(5) 538.22
83. 2(5,6,7,11)  537.87
84. 2(6,7,8,11)  537.87
85. 2(1,7,10) 4(5) 536.52
86. 2(4) 4(4,5,6) 533.72
87. 2(6) 4(4,5,6) 533.72
88. 2(5,7,10,11)  531.83
89. 2(5,7,11,12)  531.83
90. 2(1,6) 4(4,5) 530.77
91. 2(6,10) 4(4,5) 530.77
92. 2(7) 4(3,4,5) 530.47
93. 2(2,4) 4(4,5) 529.07
94. 2(9,11) 4(4,5) 529.07
95. 2(7,11) 4(3,5) 527.52
96. 2(1,7,12) 4(5) 527.33
97. 2(3,7,10) 4(5) 527.33
98. 2(6,7,9) 4(5) 522.73
99. 2(6,7,9,11)  521.03
100. 2(6,7,10,12)  521.03
101. 2(6,7,8) 4(5) 519.58
102. 2(8,9,12) 4(5) 515.43
103. 2(3,8,12) 4(5) 513.73
104. 2(2,7,11) 4(5) 513.55
105. 2(5,7,11) 4(5) 513.55
106. 2(2,7) 4(4,5) 507.55
107. 2(3,6) 4(4,5) 507.55
108. 2(7,9) 4(4,5) 507.55
109. 2(6,12) 4(4,5) 507.55
110. 2(1,4) 4(4,5) 503.05
111. 2(10,11) 4(4,5) 503.05
112. 2(1,6,7,11)  495.02
113. 2(3,6,7,11)  495.02
114. 2(2,3,7) 4(5) 492.22
115. 2(7,9,12) 4(5) 492.22
116. 2(1,3,7) 4(5) 490.52
117. 2(7,10,12) 4(5) 490.52
118. 2(3,11) 4(4,5) 479.83
119. 2(4,12) 4(4,5) 479.83
120. 2(7,8,11) 4(5) 476.73
121. 2(7,9,11) 4(5) 476.73
122. 2(3,7,8) 4(5) 472.23
123. 2(7,8,12) 4(5) 472.23
124. 2(1,7,11) 4(5) 469.0
125. 2(7) 4(4,5,6) 464.5
126. 2(4,6) 4(4,5) 461.55
127. 2(6,11) 4(4,5) 461.55
128. 2(4,11) 4(4,5) 459.85
129. 2(3,6,7) 4(5) 449.02
130. 2(6,7,10,11)  449.02
131. 2(6,7,11,12)  449.02
132. 2(6,7,12) 4(5) 449.02
133. 2(6,7) 4(4,5) 446.07
134. 2(3,7,12) 4(5) 444.52
135. 2(11,12) 4(4,5) 433.83
136. 2(4,6,7,11)  429.03
137. 2(3,7,11) 4(5) 423.0
138. 2(7,10,11) 4(5) 423.0
139. 2(4,7) 4(4,5) 392.33
140. 2(7,11) 4(4,5) 392.33
141. 2(7,11,12) 4(5) 377.0
142. 2(6,7,11) 4(5) 361.52
