1. 4(1,2,3,4,5,6) 597.9
2. 2(4) 4(2,3,4,5,6) 585.17
3. 2(1,3,10,12) 4(3,5) 584.39
4. 2(2,6) 4(3,4,5,6) 580.38
5. 2(4,5) 4(3,4,5,6) 580.38
6. 2(2,11) 4(2,3,4,5) 580.24
7. 2(2,5,6) 4(4,5,6) 579.24
8. 2(2,4,5) 4(4,5,6) 579.24
9. 2(1,2,9,10) 4(4,5) 579.16
10. 2(1,4) 4(3,4,5,6) 578.58
11. 2(1,6) 4(3,4,5,6) 578.58
12. 2(1,10,12) 4(3,4,5) 578.42
13. 2(1,2,5) 4(4,5,6) 578.12
14. 2(1,3) 4(3,4,5,6) 577.9
15. 2(1,2,9,11) 4(4,5) 576.61
16. 2(2,4,9,10) 4(4,5) 576.61
17. 2(1,7,8,10) 4(3,5) 575.89
18. 2(1,6,9) 4(3,4,5) 574.85
19. 2(2,6,10) 4(3,4,5) 574.85
20. 2(1,7,10) 4(3,4,5) 574.17
21. 2(1,9,11) 4(3,4,5) 574.17
22. 2(1,3,8,9,10) 4(5) 574.05
23. 2(2,5,6,9) 4(4,5) 573.65
24. 2(1,11) 4(2,3,4,5) 573.51
25. 2(3,11) 4(2,3,4,5) 573.51
26. 2(5,6) 4(3,4,5,6) 572.39
27. 2(1,4,10) 4(3,4,5) 572.37
28. 2(1,10,11) 4(3,4,5) 572.37
29. 2(3,5,6,9) 4(4,5) 572.35
30. 2(2,5,6,12) 4(4,5) 572.35
31. 2(1,3,8,10,12) 4(5) 572.11
32. 2(1,2,6,9) 4(4,5) 570.55
33. 2(1,5,9,11) 4(4,5) 570.55
34. 2(2,4,5,10) 4(4,5) 570.55
35. 2(2,6,9,10) 4(4,5) 570.55
36. 2(1,6,12) 4(3,4,5) 570.49
37. 2(3,6,10) 4(3,4,5) 570.49
38. 2(4,9,10) 4(3,4,5) 570.49
39. 2(2,10,11) 4(3,4,5) 570.49
40. 2(1,2,6,7,9,12)  570.15
41. 2(2,3,6,7,9,10)  570.15
42. 2(3,5,6) 4(4,5,6) 569.95
43. 2(4,5,8) 4(4,5,6) 569.95
44. 2(1,3,7,10) 4(3,5) 569.73
45. 2(1,7,10,12) 4(3,5) 569.73
46. 2(1,7) 4(3,4,5,6) 569.29
47. 2(3,6) 4(3,4,5,6) 569.29
48. 2(1,11) 4(3,4,5,6) 569.29
49. 2(4,10) 4(3,4,5,6) 569.29
50. 2(2,4,5,9) 4(4,5) 569.29
51. 2(2,5,9,11) 4(4,5) 569.29
52. 2(5,7) 4(2,3,4,5) 569.21
53. 2(1,2,7,9,10) 4(5) 569.12
54. 2(1,2,7,8,10) 4(5) 569.12
55. 2(1,7,8,9,10) 4(5) 569.12
56. 2(1,2,6) 4(4,5,6) 568.83
57. 2(1,4,5) 4(4,5,6) 568.83
58. 2(5,6,8) 4(4,5,6) 568.69
59. 2(1,5,7,9) 4(4,5) 568.68
60. 2(1,6,8,9) 4(4,5) 568.68
61. 2(2,5,7,10) 4(4,5) 568.68
62. 2(2,6,8,10) 4(4,5) 568.68
63. 2(2,6,9) 4(3,4,5) 568.65
64. 2(5,6,12) 4(3,4,5) 568.65
65. 2(7) 4(2,3,4,5,6) 568.57
66. 2(1,5,7,8,9) 4(5) 568.54
67. 2(1,5,7,12) 4(3,5) 568.54
68. 2(2,5,7,8,10) 4(5) 568.54
69. 2(2,7) 4(2,3,4,5) 567.99
70. 2(7,9) 4(2,3,4,5) 567.99
71. 2(1,5,7,8,10) 4(5) 567.86
72. 2(2,5,6,7,8,11)  567.63
73. 2(1,4,5,9) 4(4,5) 566.88
74. 2(1,2,5,11) 4(4,5) 566.88
75. 2(4,5,9,10) 4(4,5) 566.88
76. 2(2,5,10,11) 4(4,5) 566.88
77. 2(1,5,7) 4(4,5,6) 566.28
78. 2(1,6,8) 4(4,5,6) 566.28
79. 2(2,5,7) 4(4,5,6) 566.28
80. 2(2,6,8) 4(4,5,6) 566.28
81. 2(1,4,9,10) 4(4,5) 566.2
82. 2(1,2,10,11) 4(4,5) 566.2
83. 2(3,5,8,10,12) 4(5) 566.06
84. 2(1,3,5,8,12) 4(5) 566.06
85. 2(1,7,9) 4(3,4,5) 565.56
86. 2(3,6,9) 4(3,4,5) 565.56
87. 2(2,6,12) 4(3,4,5) 565.56
88. 2(2,7,10) 4(3,4,5) 565.56
89. 2(4,11) 4(2,3,4,5) 565.51
90. 2(9,11) 4(2,3,4,5) 565.51
91. 2(1,3,7,9) 4(3,5) 565.48
92. 2(2,7,10,12) 4(3,5) 565.48
93. 2(1,3,5,7,9) 4(5) 565.45
94. 2(1,2,7,9,12) 4(5) 565.45
95. 2(2,3,7,9,10) 4(5) 565.45
96. 2(2,5,7,10,12) 4(5) 565.45
97. 2(1,6,10) 4(3,4,5) 565.05
98. 2(1,5,7) 4(3,4,5) 564.98
99. 2(4,6,9) 4(3,4,5) 564.98
100. 2(2,6,11) 4(3,4,5) 564.98
101. 2(5,7,10) 4(3,4,5) 564.98
102. 2(1,12) 4(3,4,5,6) 564.94
103. 2(3,10) 4(3,4,5,6) 564.94
104. 2(2,6,7,9) 4(3,5) 564.86
105. 2(1,3,7,9,10) 4(5) 564.77
106. 2(1,2,7,10,12) 4(5) 564.77
107. 2(1,5,7,8,12) 4(5) 564.19
108. 2(3,5,7,8,10) 4(5) 564.19
109. 2(2,5,6,8) 4(4,5) 563.78
110. 2(5,6,8,9) 4(4,5) 563.78
111. 2(1,5,6,9) 4(4,5) 563.24
112. 2(2,5,6,10) 4(4,5) 563.24
113. 2(1,3,11) 4(3,4,5) 563.08
114. 2(4,10,12) 4(3,4,5) 563.08
115. 2(1,2,5,7,11,12)  562.8
116. 2(2,3,5,7,10,11)  562.8
117. 2(2,6,7,8,9) 4(5) 562.35
118. 2(5,6,7,8) 4(3,5) 562.34
119. 2(1,2,6,7,9,11)  562.15
120. 2(2,3,6,7,9,11)  562.15
121. 2(1,6,7,8,9,11)  562.15
122. 2(3,5,6,7,9,11)  562.15
123. 2(4,6) 4(3,4,5,6) 561.98
124. 2(5,6,7) 4(3,4,5) 561.88
125. 2(1,2,7,8,9) 4(5) 561.81
126. 2(1,2,7,12) 4(3,5) 561.81
127. 2(1,7,9,12) 4(3,5) 561.81
128. 2(2,3,7,10) 4(3,5) 561.81
129. 2(2,7,8,9,10) 4(5) 561.81
130. 2(3,7,9,10) 4(3,5) 561.81
131. 2(1,2,5,7,12) 4(5) 561.77
132. 2(1,5,7,9,12) 4(5) 561.77
133. 2(2,3,5,7,10) 4(5) 561.77
134. 2(3,5,7,9,10) 4(5) 561.77
135. 2(1,2,5,9) 4(4,5) 561.44
136. 2(2,5,9,10) 4(4,5) 561.44
137. 2(4,5,6) 4(3,4,5) 561.34
138. 2(5,6,11) 4(3,4,5) 561.34
139. 2(1,2,7,9) 4(4,5) 561.27
140. 2(1,3,6,9) 4(4,5) 561.27
141. 2(2,3,6,9) 4(4,5) 561.27
142. 2(2,4,5,12) 4(4,5) 561.27
143. 2(2,6,9,12) 4(4,5) 561.27
144. 2(2,7,9,10) 4(4,5) 561.27
145. 2(3,5,9,11) 4(4,5) 561.27
146. 2(2,6,10,12) 4(4,5) 561.27
147. 2(5,6,7,8,9) 4(5) 561.09
148. 2(1,5,6,7,8,11)  560.89
149. 2(3,5,6,7,8,11)  560.89
150. 2(2,5,6,7,9,11)  560.89
151. 2(2,6,7,8,9,11)  560.89
152. 2(1,2,4) 4(4,5,6) 560.84
153. 2(1,5,6) 4(4,5,6) 560.84
154. 2(1,5,6,12) 4(4,5) 560.69
155. 2(3,5,6,10) 4(4,5) 560.69
156. 2(2,5,7,9) 4(4,5) 560.69
157. 2(2,6,8,9) 4(4,5) 560.69
158. 2(4,5,6,9) 4(4,5) 560.69
159. 2(2,5,6,11) 4(4,5) 560.69
160. 2(1,3,9,11) 4(4,5) 560.59
161. 2(2,4,10,12) 4(4,5) 560.59
162. 2(1,3,5,8,9) 4(5) 560.01
163. 2(2,4,6,9) 4(4,5) 560.01
164. 2(2,4,5,11) 4(4,5) 560.01
165. 2(2,6,9,11) 4(4,5) 560.01
166. 2(4,5,9,11) 4(4,5) 560.01
167. 2(1,6,7,9) 4(3,5) 559.97
168. 2(3,6,7,9) 4(3,5) 559.97
169. 2(1,7,8,11) 4(3,5) 559.97
170. 2(1,7,9,11) 4(3,5) 559.97
171. 2(1,2,7) 4(4,5,6) 559.55
172. 2(1,4,8) 4(4,5,6) 559.55
173. 2(1,6,9) 4(4,5,6) 559.55
174. 2(2,6,10) 4(4,5,6) 559.55
175. 2(5,6,10) 4(3,4,5) 559.54
176. 2(5,7) 4(3,4,5,6) 559.43
177. 2(6,8) 4(3,4,5,6) 559.43
178. 2(1,4,12) 4(3,4,5) 559.41
179. 2(3,4,10) 4(3,4,5) 559.41
180. 2(1,11,12) 4(3,4,5) 559.41
181. 2(3,10,11) 4(3,4,5) 559.41
182. 2(1,2,7,9,11) 4(5) 559.25
183. 2(1,6,7,8,9) 4(5) 559.25
184. 2(1,5,7,8,11) 4(5) 559.25
185. 2(2,6,7,8,10) 4(5) 559.25
186. 2(1,6,7,8) 4(3,5) 558.71
187. 2(6,7,8,10) 4(3,5) 558.71
188. 2(2,5,7,8,11) 4(5) 558.67
189. 2(2,5,7,9,11) 4(5) 558.67
190. 2(1,2,6,7,8,11)  558.48
191. 2(2,3,5,6,7,11)  558.48
192. 2(2,5,6,7,11,12)  558.48
193. 2(2,6,7,8,10,11)  558.48
194. 2(1,2,4,9) 4(4,5) 558.21
195. 2(2,9,10,11) 4(4,5) 558.21
196. 2(1,2,5,7,9) 4(5) 558.13
197. 2(2,3,5,7,9) 4(5) 558.13
198. 2(2,5,7,9,10) 4(5) 558.13
199. 2(2,5,7,9,12) 4(5) 558.13
200. 2(2,4,9,11) 4(4,5) 558.07
201. 2(1,2,6,12) 4(4,5) 557.59
202. 2(1,6,9,12) 4(4,5) 557.59
203. 2(2,3,6,10) 4(4,5) 557.59
204. 2(3,6,9,10) 4(4,5) 557.59
205. 2(1,5,11,12) 4(4,5) 557.59
206. 2(2,3,5,11) 4(4,5) 557.59
207. 2(4,5,9,12) 4(4,5) 557.59
208. 2(2,5,11,12) 4(4,5) 557.59
209. 2(2,5,7,11) 4(3,5) 557.51
210. 2(11) 4(2,3,4,5,6) 557.49
211. 2(1,3,7,8,10) 4(5) 556.77
212. 2(1,7,8,10,12) 4(5) 556.77
213. 2(1,2,6) 4(3,4,5) 556.45
214. 2(1,6,11) 4(3,4,5) 556.45
215. 2(4,6,10) 4(3,4,5) 556.45
216. 2(6,9,10) 4(3,4,5) 556.45
217. 2(1,5,8,9,12) 4(5) 556.33
218. 2(3,5,8,9,10) 4(5) 556.33
219. 2(4,9,11) 4(3,4,5) 556.31
220. 2(2,4,11) 4(3,4,5) 556.31
221. 2(1,2,7,11) 4(3,5) 556.29
222. 2(1,5,7,11) 4(3,5) 556.29
223. 2(3,5,7,11) 4(3,5) 556.29
224. 2(2,7,10,11) 4(3,5) 556.29
225. 2(1,3,6) 4(3,4,5) 555.77
226. 2(1,4,11) 4(3,4,5) 555.77
227. 2(4,10,11) 4(3,4,5) 555.77
228. 2(6,10,12) 4(3,4,5) 555.77
229. 2(1,3,8,9,12) 4(5) 555.65
230. 2(1,8,9,10,12) 4(5) 555.65
231. 2(1,3,6,7,9,11)  555.42
232. 2(11,12) 4(2,3,4,5) 555.11
233. 2(2,6,7,9) 4(4,5) 555.07
234. 2(3,5,6,12) 4(4,5) 555.07
235. 2(2,5,6,7) 4(4,5) 554.49
236. 2(5,6,7,9) 4(4,5) 554.49
237. 2(4,5,6,8) 4(4,5) 554.49
238. 2(5,6,8,11) 4(4,5) 554.49
239. 2(6,7) 4(2,3,4,5) 554.49
240. 2(2,3,5,6) 4(4,5) 553.95
241. 2(5,6,9,12) 4(4,5) 553.95
242. 2(1,3,5,7) 4(3,5) 553.81
243. 2(1,6,7,12) 4(3,5) 553.81
244. 2(1,7,8,12) 4(3,5) 553.81
245. 2(3,5,7,12) 4(3,5) 553.81
246. 2(3,6,7,10) 4(3,5) 553.81
247. 2(5,7,10,12) 4(3,5) 553.81
248. 2(1,4,9,12) 4(4,5) 553.24
249. 2(1,2,11,12) 4(4,5) 553.24
250. 2(2,3,10,11) 4(4,5) 553.24
251. 2(2,5,7,8,9) 4(5) 553.23
252. 2(2,6,7,8) 4(3,5) 553.19
253. 2(6,7,8,9) 4(3,5) 553.19
254. 2(1,3,5,7,10) 4(5) 553.1
255. 2(1,3,5,7,12) 4(5) 553.1
256. 2(1,5,7,10,12) 4(5) 553.1
257. 2(3,5,7,10,12) 4(5) 553.1
258. 2(4,5,6,7,8,11)  552.9
259. 2(5,6,7,8,9,11)  552.9
260. 2(2,7) 4(3,4,5,6) 552.69
261. 2(5,11) 4(3,4,5,6) 552.69
262. 2(2,3,6,7,9) 4(5) 552.52
263. 2(1,7,8,9,11) 4(5) 552.52
264. 2(2,6,7,9,12) 4(5) 552.52
265. 2(1,2,6,10) 4(4,5) 552.15
266. 2(1,4,5,10) 4(4,5) 552.15
267. 2(1,6,9,10) 4(4,5) 552.15
268. 2(1,5,10,11) 4(4,5) 552.15
269. 2(2,6,7) 4(3,4,5) 552.05
270. 2(6,7,9) 4(3,4,5) 552.05
271. 2(2,4,6) 4(4,5,6) 551.55
272. 2(2,4,8) 4(4,5,6) 551.55
273. 2(4,5,6) 4(4,5,6) 551.55
274. 2(5,6,9) 4(4,5,6) 551.55
275. 2(1,2,4,10) 4(4,5) 551.47
276. 2(1,9,10,11) 4(4,5) 551.47
277. 2(1,3,7,12) 4(3,5) 551.33
278. 2(3,7,10,12) 4(3,5) 551.33
279. 2(3,4) 4(3,4,5,6) 550.89
280. 2(6,10) 4(3,4,5,6) 550.89
281. 2(3,10,12) 4(3,4,5) 550.73
282. 2(1,2,3,7,9) 4(5) 550.72
283. 2(2,7,9,10,12) 4(5) 550.72
284. 2(1,3,7,8,9) 4(5) 550.72
285. 2(2,7,8,10,12) 4(5) 550.72
286. 2(5,7,9,10) 4(4,5) 550.28
287. 2(6,8,9,10) 4(4,5) 550.28
288. 2(1,7,9) 4(4,5,6) 550.26
289. 2(3,6,9) 4(4,5,6) 550.26
290. 2(2,7,10) 4(4,5,6) 550.26
291. 2(4,8,10) 4(4,5,6) 550.26
292. 2(1,6,7) 4(3,4,5) 550.25
293. 2(2,4,6) 4(3,4,5) 550.25
294. 2(6,7,10) 4(3,4,5) 550.25
295. 2(6,9,11) 4(3,4,5) 550.25
296. 2(1,2,5,7,8) 4(5) 550.14
297. 2(3,5,7,8,9) 4(5) 550.14
298. 2(2,5,7,8,12) 4(5) 550.14
299. 2(5,7,8,9,10) 4(5) 550.14
300. 2(3,5,6,7,8) 4(5) 550.0
301. 2(5,6,7,8,12) 4(5) 550.0
302. 2(4,7) 4(2,3,4,5) 549.59
303. 2(7,11) 4(2,3,4,5) 549.59
304. 2(1,3,5,7,8) 4(5) 549.46
305. 2(5,7,8,10,12) 4(5) 549.46
306. 2(1,4,9,11) 4(4,5) 548.92
307. 2(2,3,9,11) 4(4,5) 548.92
308. 2(2,4,9,12) 4(4,5) 548.92
309. 2(2,4,10,11) 4(4,5) 548.92
310. 2(1,2,7,8,11) 4(5) 548.85
311. 2(1,5,7,9,11) 4(5) 548.85
312. 2(3,5,7,9,11) 4(5) 548.85
313. 2(2,7,8,10,11) 4(5) 548.85
314. 2(2,5,7) 4(3,4,5) 548.38
315. 2(4,5,7) 4(3,4,5) 548.38
316. 2(5,7,9) 4(3,4,5) 548.38
317. 2(5,7,11) 4(3,4,5) 548.38
318. 2(1,2,6,7,11,12)  548.07
319. 2(2,3,6,7,10,11)  548.07
320. 2(4,5,7,9) 4(4,5) 547.73
321. 2(4,6,8,9) 4(4,5) 547.73
322. 2(2,5,7,11) 4(4,5) 547.73
323. 2(2,6,8,11) 4(4,5) 547.73
324. 2(1,2,7) 4(3,4,5) 547.16
325. 2(2,3,6) 4(3,4,5) 547.16
326. 2(1,7,11) 4(3,4,5) 547.16
327. 2(3,6,11) 4(3,4,5) 547.16
328. 2(4,6,12) 4(3,4,5) 547.16
329. 2(4,7,10) 4(3,4,5) 547.16
330. 2(6,9,12) 4(3,4,5) 547.16
331. 2(7,9,10) 4(3,4,5) 547.16
332. 2(1,3,7,11) 4(3,5) 547.08
333. 2(1,7,10,11) 4(3,5) 547.08
334. 2(1,2,5,7,10) 4(5) 547.05
335. 2(1,2,7,8,12) 4(5) 547.05
336. 2(1,5,7,9,10) 4(5) 547.05
337. 2(1,7,8,9,12) 4(5) 547.05
338. 2(2,3,5,7,12) 4(5) 547.05
339. 2(2,3,7,8,10) 4(5) 547.05
340. 2(3,5,7,9,12) 4(5) 547.05
341. 2(3,7,8,9,10) 4(5) 547.05
342. 2(5,6,7,8) 4(4,5) 547.04
343. 2(3,6,12) 4(3,4,5) 546.48
344. 2(3,9,11) 4(3,4,5) 546.48
345. 2(1,2,3,7,10) 4(5) 546.37
346. 2(1,3,7,9,12) 4(5) 546.37
347. 2(1,7,9,10,12) 4(5) 546.37
348. 2(2,3,7,10,12) 4(5) 546.37
349. 2(1,3,5,6) 4(4,5) 545.96
350. 2(5,6,10,12) 4(4,5) 545.96
351. 2(2,4,5,6) 4(4,5) 545.96
352. 2(5,6,9,11) 4(4,5) 545.96
353. 2(1,2,5,7,11) 4(5) 545.17
354. 2(2,3,5,7,11) 4(5) 545.17
355. 2(2,5,7,10,11) 4(5) 545.17
356. 2(2,5,7,11,12) 4(5) 545.17
357. 2(1,2,5,6) 4(4,5) 544.84
358. 2(5,6,9,10) 4(4,5) 544.84
359. 2(6,7) 4(3,4,5,6) 544.7
360. 2(4,11) 4(3,4,5,6) 544.7
361. 2(1,6,7,9) 4(4,5) 544.67
362. 2(2,6,7,10) 4(4,5) 544.67
363. 2(3,5,6,11) 4(4,5) 544.67
364. 2(4,5,6,12) 4(4,5) 544.67
365. 2(1,3,7,10,12) 4(5) 544.43
366. 2(2,7,8,9,11) 4(5) 543.95
367. 2(5,7,8,9,11) 4(5) 543.95
368. 2(1,5,6,7,9,11)  543.75
369. 2(3,6,7,8,9,11)  543.75
370. 2(1,6,7,8,10,11)  543.75
371. 2(3,5,6,7,11,12)  543.75
372. 2(1,7,11,12) 4(3,5) 543.41
373. 2(3,7,10,11) 4(3,5) 543.41
374. 2(1,4,5,11) 4(4,5) 542.87
375. 2(1,6,9,11) 4(4,5) 542.87
376. 2(2,4,6,10) 4(4,5) 542.87
377. 2(4,5,10,11) 4(4,5) 542.87
378. 2(1,7,12) 4(3,4,5) 542.81
379. 2(3,7,10) 4(3,4,5) 542.81
380. 2(4,9,12) 4(3,4,5) 542.81
381. 2(2,11,12) 4(3,4,5) 542.81
382. 2(2,6,7,11) 4(3,5) 542.79
383. 2(2,7,8,11) 4(3,5) 542.79
384. 2(5,7,9,11) 4(3,5) 542.79
385. 2(4,6,7,8,9,11)  542.49
386. 2(5,6,7,8,11,12)  542.49
387. 2(1,7,8) 4(4,5,6) 542.27
388. 2(2,6,7) 4(4,5,6) 542.27
389. 2(2,7,9) 4(4,5,6) 542.27
390. 2(1,7,10) 4(4,5,6) 542.27
391. 2(1,3,6,10) 4(4,5) 541.61
392. 2(1,6,10,12) 4(4,5) 541.61
393. 2(1,5,8,9,10) 4(5) 541.61
394. 2(3,11) 4(3,4,5,6) 541.61
395. 2(3,5,8,9,12) 4(5) 541.61
396. 2(4,12) 4(3,4,5,6) 541.61
397. 2(6,12) 4(3,4,5,6) 541.61
398. 2(7,10) 4(3,4,5,6) 541.61
399. 2(3,7,9,11) 4(3,5) 541.57
400. 2(6,7,9,10) 4(3,5) 541.57
401. 2(6,7,9,12) 4(3,5) 541.57
402. 2(7,8,10,11) 4(3,5) 541.57
403. 2(1,3,7,9,11) 4(5) 541.43
404. 2(1,3,6,7,9) 4(5) 541.43
405. 2(1,7,8,10,11) 4(5) 541.43
406. 2(5,6,7) 4(4,5,6) 541.01
407. 2(5,7,8) 4(4,5,6) 541.01
408. 2(1,5,7,11) 4(4,5) 540.99
409. 2(1,6,8,11) 4(4,5) 540.99
410. 2(4,5,7,10) 4(4,5) 540.99
411. 2(4,6,8,10) 4(4,5) 540.99
412. 2(2,7,9) 4(3,4,5) 540.97
413. 2(7,8,10) 4(3,4,5) 540.97
414. 2(2,3,7,9,11) 4(5) 540.85
415. 2(3,5,7,8,11) 4(5) 540.85
416. 2(2,7,9,10,11) 4(5) 540.85
417. 2(5,7,8,10,11) 4(5) 540.85
418. 2(1,2,6,7,8) 4(5) 540.85
419. 2(3,6,7,8,9) 4(5) 540.85
420. 2(2,6,7,8,12) 4(5) 540.85
421. 2(6,7,8,9,10) 4(5) 540.85
422. 2(3,6,7,8) 4(3,5) 540.31
423. 2(6,7,8,12) 4(3,5) 540.31
424. 2(1,6,7,8,10) 4(5) 540.17
425. 2(1,2,5,6,7,11)  540.08
426. 2(2,3,6,7,8,11)  540.08
427. 2(1,6,7,8,11,12)  540.08
428. 2(2,6,7,8,11,12)  540.08
429. 2(1,4,6,9) 4(4,5) 539.19
430. 2(1,2,6,11) 4(4,5) 539.19
431. 2(4,6,9,10) 4(4,5) 539.19
432. 2(2,6,10,11) 4(4,5) 539.19
433. 2(3,6,7,12) 4(3,5) 539.09
434. 2(6,7,10,12) 4(3,5) 539.09
435. 2(7,8,10,12) 4(3,5) 539.09
436. 2(3,5,7) 4(4,5,6) 538.59
437. 2(4,5,7) 4(4,5,6) 538.59
438. 2(4,6,8) 4(4,5,6) 538.59
439. 2(4,6,9) 4(4,5,6) 538.59
440. 2(5,7,9) 4(4,5,6) 538.59
441. 2(6,8,9) 4(4,5,6) 538.59
442. 2(5,7,10) 4(4,5,6) 538.59
443. 2(6,8,10) 4(4,5,6) 538.59
444. 2(1,9,11,12) 4(4,5) 538.51
445. 2(3,9,10,11) 4(4,5) 538.51
446. 2(4,9,10,12) 4(4,5) 538.51
447. 2(2,10,11,12) 4(4,5) 538.51
448. 2(1,4,6) 4(3,4,5) 538.05
449. 2(6,10,11) 4(3,4,5) 538.05
450. 2(2,3,7,11) 4(3,5) 537.89
451. 2(2,7,11,12) 4(3,5) 537.89
452. 2(5,7,10,11) 4(3,5) 537.89
453. 2(5,7,11,12) 4(3,5) 537.89
454. 2(1,3,5,7,11) 4(5) 537.76
455. 2(1,6,7,9,12) 4(5) 537.76
456. 2(3,6,7,9,10) 4(5) 537.76
457. 2(1,2,7,10,11) 4(5) 537.76
458. 2(9,10,11) 4(3,4,5) 537.37
459. 2(3,5,7) 4(3,4,5) 537.29
460. 2(4,7,9) 4(3,4,5) 537.29
461. 2(2,7,11) 4(3,4,5) 537.29
462. 2(5,7,12) 4(3,4,5) 537.29
463. 2(3,8,9,10,12) 4(5) 537.25
464. 2(1,5,6,10) 4(4,5) 536.85
465. 2(1,6,7,8,12) 4(5) 536.5
466. 2(3,6,7,8,10) 4(5) 536.5
467. 2(1,5,6,7) 4(4,5) 536.09
468. 2(5,6,7,10) 4(4,5) 536.09
469. 2(1,5,6,11) 4(4,5) 535.55
470. 2(4,5,6,10) 4(4,5) 535.55
471. 2(5,6,7,11) 4(3,5) 534.79
472. 2(6,7,8,11) 4(3,5) 534.79
473. 2(2,6,7,9,11) 4(5) 534.66
474. 2(4,7) 4(3,4,5,6) 534.29
475. 2(6,11) 4(3,4,5,6) 534.29
476. 2(2,5,8,9,12) 4(5) 534.29
477. 2(6,7,8) 4(3,4,5) 534.19
478. 2(1,2,7,11,12) 4(5) 534.09
479. 2(1,5,7,11,12) 4(5) 534.09
480. 2(2,3,7,10,11) 4(5) 534.09
481. 2(3,5,7,10,11) 4(5) 534.09
482. 2(1,2,4,5) 4(4,5) 533.75
483. 2(5,9,10,11) 4(4,5) 533.75
484. 2(1,7,9,11) 4(4,5) 533.58
485. 2(2,3,6,12) 4(4,5) 533.58
486. 2(2,4,6,12) 4(4,5) 533.58
487. 2(2,4,7,10) 4(4,5) 533.58
488. 2(3,4,5,11) 4(4,5) 533.58
489. 2(3,6,9,11) 4(4,5) 533.58
490. 2(3,6,9,12) 4(4,5) 533.58
491. 2(4,5,11,12) 4(4,5) 533.58
492. 2(5,6,7,8,11) 4(5) 533.4
493. 2(1,2,3,6,7,11)  533.35
494. 2(1,6,7,9,11,12)  533.35
495. 2(3,6,7,9,10,11)  533.35
496. 2(2,6,7,10,11,12)  533.35
497. 2(1,6,10) 4(4,5,6) 533.15
498. 2(5,6,10) 4(4,5,6) 533.15
499. 2(2,4,5,7) 4(4,5) 533.0
500. 2(2,4,6,8) 4(4,5) 533.0
501. 2(5,7,9,11) 4(4,5) 533.0
502. 2(6,8,9,11) 4(4,5) 533.0
503. 2(2,4,7,9) 4(4,5) 532.32
504. 2(1,3,6,12) 4(4,5) 532.32
505. 2(2,3,7,9,12) 4(5) 532.32
506. 2(2,7,9,11) 4(4,5) 532.32
507. 2(3,6,10,12) 4(4,5) 532.32
508. 2(4,6,11) 4(3,4,5) 531.85
509. 2(2,3,5,7,8) 4(5) 531.74
510. 2(5,7,8,9,12) 4(5) 531.74
511. 2(3,5,7,8,12) 4(5) 531.06
512. 2(2,5,6,7,11) 4(5) 530.99
513. 2(2,6,7,8,11) 4(5) 530.99
514. 2(1,2,4,11) 4(4,5) 530.52
515. 2(2,9,11,12) 4(4,5) 530.52
516. 2(4,9,10,11) 4(4,5) 530.52
517. 2(1,10,11,12) 4(4,5) 530.52
518. 2(1,4,7,9) 4(4,5) 529.91
519. 2(3,4,6,9) 4(4,5) 529.91
520. 2(1,2,7,11) 4(4,5) 529.91
521. 2(2,3,6,11) 4(4,5) 529.91
522. 2(4,6,9,12) 4(4,5) 529.91
523. 2(4,7,9,10) 4(4,5) 529.91
524. 2(2,6,11,12) 4(4,5) 529.91
525. 2(2,7,10,11) 4(4,5) 529.91
526. 2(1,4,7) 4(3,4,5) 528.76
527. 2(3,4,6) 4(3,4,5) 528.76
528. 2(6,11,12) 4(3,4,5) 528.76
529. 2(7,10,11) 4(3,4,5) 528.76
530. 2(2,3,7,12) 4(3,5) 528.68
531. 2(3,7,9,12) 4(3,5) 528.68
532. 2(1,2,3,5,7) 4(5) 528.65
533. 2(5,7,9,10,12) 4(5) 528.65
534. 2(1,3,7) 4(3,4,5) 528.08
535. 2(3,4,11) 4(3,4,5) 528.08
536. 2(4,11,12) 4(3,4,5) 528.08
537. 2(7,10,12) 4(3,4,5) 528.08
538. 2(6,7,9,11) 4(3,5) 528.06
539. 2(7,8,9,11) 4(3,5) 528.06
540. 2(1,2,3,7,12) 4(5) 527.97
541. 2(3,7,9,10,12) 4(5) 527.97
542. 2(2,6,7,8) 4(4,5) 526.81
543. 2(3,5,6,7) 4(4,5) 526.81
544. 2(6,7,8,9) 4(4,5) 526.81
545. 2(5,6,7,12) 4(4,5) 526.81
546. 2(1,3,4) 4(3,4,5) 526.28
547. 2(10,11,12) 4(3,4,5) 526.28
548. 2(1,2,6,7) 4(4,5) 526.27
549. 2(3,4,5,6) 4(4,5) 526.27
550. 2(6,7,9,10) 4(4,5) 526.27
551. 2(5,6,11,12) 4(4,5) 526.27
552. 2(1,4,6,7,8,11)  525.35
553. 2(4,6,7,8,10,11)  525.35
554. 2(5,6,7,9,11,12)  525.35
555. 2(6,7,8,9,10,11)  525.35
556. 2(2,3,7,8,9) 4(5) 525.01
557. 2(7,9) 4(3,4,5,6) 525.01
558. 2(2,7,8,9,12) 4(5) 525.01
559. 2(8,11) 4(3,4,5,6) 525.01
560. 2(1,2,3,6) 4(4,5) 524.47
561. 2(5,9,11,12) 4(4,5) 524.47
562. 2(6,9,10,12) 4(4,5) 524.47
563. 2(5,10,11,12) 4(4,5) 524.47
564. 2(1,3,7) 4(4,5,6) 523.87
565. 2(1,6,7) 4(4,5,6) 523.87
566. 2(2,4,7) 4(4,5,6) 523.87
567. 2(2,7,8) 4(4,5,6) 523.87
568. 2(1,4,10,11) 4(4,5) 523.79
569. 2(3,7) 4(3,4,5,6) 523.21
570. 2(10,11) 4(3,4,5,6) 523.21
571. 2(5,8,9,10,12) 4(5) 523.21
572. 2(1,6,7,11) 4(3,5) 523.17
573. 2(3,6,7,11) 4(3,5) 523.17
574. 2(3,7,8,11) 4(3,5) 523.17
575. 2(7,9,10,11) 4(3,5) 523.17
576. 2(1,7,9,10,11) 4(5) 523.03
577. 2(1,3,7,8,11) 4(5) 523.03
578. 2(1,6,7,9,10) 4(5) 523.03
579. 2(3,6,7,9,12) 4(5) 523.03
580. 2(1,4,6) 4(4,5,6) 522.75
581. 2(1,4,5,7) 4(4,5) 522.59
582. 2(1,4,6,8) 4(4,5) 522.59
583. 2(5,7,10,11) 4(4,5) 522.59
584. 2(6,8,10,11) 4(4,5) 522.59
585. 2(2,4,7) 4(3,4,5) 522.57
586. 2(3,6,7) 4(3,4,5) 522.57
587. 2(6,7,12) 4(3,4,5) 522.57
588. 2(7,9,11) 4(3,4,5) 522.57
589. 2(3,12) 4(3,4,5,6) 522.53
590. 2(2,7,9,11,12) 4(5) 522.45
591. 2(5,7,8,11,12) 4(5) 522.45
592. 2(2,3,6,7,8) 4(5) 522.45
593. 2(6,7,8,9,12) 4(5) 522.45
594. 2(1,3,6,7,8) 4(5) 521.77
595. 2(6,7,8,10,12) 4(5) 521.77
596. 2(3,4,9,11) 4(4,5) 521.23
597. 2(2,4,11,12) 4(4,5) 521.23
598. 2(1,3,7,8,12) 4(5) 519.97
599. 2(3,7,8,10,12) 4(5) 519.97
600. 2(3,7,9) 4(3,4,5) 519.47
601. 2(2,7,12) 4(3,4,5) 519.47
602. 2(1,2,3,7,11) 4(5) 519.36
603. 2(1,5,7,10,11) 4(5) 519.36
604. 2(1,7,8,11,12) 4(5) 519.36
605. 2(1,7,9,11,12) 4(5) 519.36
606. 2(3,5,7,11,12) 4(5) 519.36
607. 2(3,7,8,10,11) 4(5) 519.36
608. 2(3,7,9,10,11) 4(5) 519.36
609. 2(2,7,10,11,12) 4(5) 519.36
610. 2(1,3,7,10,11) 4(5) 518.68
611. 2(1,6,7,9,10,11)  518.62
612. 2(3,6,7,9,11,12)  518.62
613. 2(1,6,7,10) 4(4,5) 518.27
614. 2(4,5,6,11) 4(4,5) 518.27
615. 2(1,4,5,6) 4(4,5) 517.15
616. 2(5,6,10,11) 4(4,5) 517.15
617. 2(7,8) 4(3,4,5,6) 517.01
618. 2(3,4,12) 4(3,4,5) 516.99
619. 2(3,11,12) 4(3,4,5) 516.99
620. 2(3,6,7,9) 4(4,5) 516.98
621. 2(2,6,7,12) 4(4,5) 516.98
622. 2(5,6,7,9,11) 4(5) 516.26
623. 2(6,7,8,9,11) 4(5) 516.26
624. 2(3,7,8,9,11) 4(5) 515.72
625. 2(7,8,9,10,11) 4(5) 515.72
626. 2(4,6,7) 4(3,4,5) 515.25
627. 2(6,7,11) 4(3,4,5) 515.25
628. 2(1,3,6,11) 4(4,5) 515.18
629. 2(1,4,7,10) 4(4,5) 515.18
630. 2(1,7,10,11) 4(4,5) 515.18
631. 2(4,6,10,12) 4(4,5) 515.18
632. 2(6,7,9) 4(4,5,6) 514.58
633. 2(7,8,10) 4(4,5,6) 514.58
634. 2(2,4,6,11) 4(4,5) 513.92
635. 2(4,6,9,11) 4(4,5) 513.92
636. 2(1,2,3,7,8) 4(5) 513.92
637. 2(7,8,9,10,12) 4(5) 513.92
638. 2(1,4,7) 4(4,5,6) 513.46
639. 2(2,3,7) 4(4,5,6) 513.46
640. 2(3,4,6) 4(4,5,6) 513.46
641. 2(4,6,10) 4(4,5,6) 513.46
642. 2(6,7,8) 4(4,5,6) 513.32
643. 2(3,5,7,11) 4(4,5) 513.31
644. 2(3,6,8,11) 4(4,5) 513.31
645. 2(4,5,7,12) 4(4,5) 513.31
646. 2(4,6,8,12) 4(4,5) 513.31
647. 2(1,6,7,8,11) 4(5) 513.17
648. 2(3,5,6,7,11) 4(5) 513.17
649. 2(5,7,9,10,11) 4(5) 512.05
650. 2(5,7,9,11,12) 4(5) 512.05
651. 2(2,3,7,8,11) 4(5) 512.05
652. 2(2,7,8,11,12) 4(5) 512.05
653. 2(1,4,6,12) 4(4,5) 511.51
654. 2(3,4,6,10) 4(4,5) 511.51
655. 2(1,6,11,12) 4(4,5) 511.51
656. 2(3,6,10,11) 4(4,5) 511.51
657. 2(4,7,9) 4(4,5,6) 510.91
658. 2(2,7,11) 4(4,5,6) 510.91
659. 2(3,7,10) 4(4,5,6) 510.91
660. 2(5,7,11) 4(4,5,6) 510.91
661. 2(1,4,11,12) 4(4,5) 510.83
662. 2(3,4,10,11) 4(4,5) 510.83
663. 2(1,3,6,7,12) 4(5) 510.69
664. 2(3,6,7,10,12) 4(5) 510.69
665. 2(3,7,11,12) 4(3,5) 510.28
666. 2(7,10,11,12) 4(3,5) 510.28
667. 2(9,11,12) 4(3,4,5) 509.68
668. 2(4,5,6,7) 4(4,5) 508.41
669. 2(5,6,7,11) 4(4,5) 508.41
670. 2(3,4,6,7,8,11)  506.95
671. 2(4,6,7,8,11,12)  506.95
672. 2(6,7,8,9,11,12)  506.95
673. 2(6,7,8,10,11,12)  506.95
674. 2(7,11) 4(3,4,5,6) 506.61
675. 2(1,6,7,9,11) 4(5) 506.43
676. 2(3,6,7,9,11) 4(5) 506.43
677. 2(1,2,4,6) 4(4,5) 506.07
678. 2(1,4,6,10) 4(4,5) 506.07
679. 2(1,6,10,11) 4(4,5) 506.07
680. 2(6,9,10,11) 4(4,5) 506.07
681. 2(4,7,8) 4(3,4,5) 505.97
682. 2(7,8,11) 4(3,4,5) 505.97
683. 2(4,6,7,9) 4(4,5) 505.31
684. 2(1,6,7,12) 4(4,5) 505.31
685. 2(2,6,7,11) 4(4,5) 505.31
686. 2(3,6,7,10) 4(4,5) 505.31
687. 2(4,5,7,11) 4(4,5) 505.31
688. 2(4,6,8,11) 4(4,5) 505.31
689. 2(6,7,10,11) 4(3,5) 504.77
690. 2(6,7,11,12) 4(3,5) 504.77
691. 2(7,8,11,12) 4(3,5) 504.77
692. 2(7,9,11,12) 4(3,5) 504.77
693. 2(6,7,9,10,12) 4(5) 504.63
694. 2(3,7,9) 4(4,5,6) 504.17
695. 2(1,7,11) 4(4,5,6) 504.17
696. 2(4,7,10) 4(4,5,6) 504.17
697. 2(7,9,10) 4(4,5,6) 504.17
698. 2(4,7,11) 4(3,4,5) 504.17
699. 2(3,6,7,8,12) 4(5) 503.37
700. 2(2,3,4,11) 4(4,5) 502.83
701. 2(4,9,11,12) 4(4,5) 502.83
702. 2(1,2,6,7,11) 4(5) 502.76
703. 2(2,3,6,7,11) 4(5) 502.76
704. 2(2,6,7,10,11) 4(5) 502.76
705. 2(2,6,7,11,12) 4(5) 502.76
706. 2(3,7,8,12) 4(3,5) 502.29
707. 2(2,3,7) 4(3,4,5) 501.07
708. 2(3,7,11) 4(3,4,5) 501.07
709. 2(4,7,12) 4(3,4,5) 501.07
710. 2(7,9,12) 4(3,4,5) 501.07
711. 2(2,3,7,11,12) 4(5) 500.96
712. 2(5,7,10,11,12) 4(5) 500.96
713. 2(1,3,7,11,12) 4(5) 500.28
714. 2(1,7,10,11,12) 4(5) 500.28
715. 2(2,3,6,7) 4(4,5) 498.58
716. 2(6,7,9,12) 4(4,5) 498.58
717. 2(1,2,4,7) 4(4,5) 496.78
718. 2(2,3,4,6) 4(4,5) 496.78
719. 2(6,9,11,12) 4(4,5) 496.78
720. 2(7,9,10,11) 4(4,5) 496.78
721. 2(1,4,6,7,11,12)  496.55
722. 2(3,6,7) 4(4,5,6) 496.18
723. 2(4,7,8) 4(4,5,6) 496.18
724. 2(7,8,9) 4(4,5,6) 496.18
725. 2(6,7,10) 4(4,5,6) 496.18
726. 2(1,3,4,11) 4(4,5) 496.1
727. 2(4,10,11,12) 4(4,5) 496.1
728. 2(2,3,7,8,12) 4(5) 495.52
729. 2(3,7,8,9,12) 4(5) 495.52
730. 2(7,12) 4(3,4,5,6) 495.52
731. 2(11,12) 4(3,4,5,6) 495.52
732. 2(5,7,11,12) 4(4,5) 494.91
733. 2(6,8,11,12) 4(4,5) 494.91
734. 2(1,5,6,7,11) 4(5) 494.77
735. 2(3,6,7,8,11) 4(5) 494.77
736. 2(5,6,7,11,12) 4(5) 494.77
737. 2(6,7,8,10,11) 4(5) 494.77
738. 2(4,6,7,11) 4(3,5) 491.26
739. 2(1,3,6,7) 4(4,5) 490.59
740. 2(2,4,6,7) 4(4,5) 490.59
741. 2(6,7,9,11) 4(4,5) 490.59
742. 2(6,7,10,12) 4(4,5) 490.59
743. 2(2,4,7,12) 4(4,5) 487.49
744. 2(3,4,6,12) 4(4,5) 487.49
745. 2(3,7,9,11) 4(4,5) 487.49
746. 2(3,6,11,12) 4(4,5) 487.49
747. 2(9,10,11,12) 4(4,5) 486.99
748. 2(2,4,7,11) 4(4,5) 486.23
749. 2(4,7,9,11) 4(4,5) 486.23
750. 2(3,7,9,11,12) 4(5) 486.23
751. 2(7,8,10,11,12) 4(5) 486.23
752. 2(2,3,7,11) 4(4,5) 483.82
753. 2(4,7,9,12) 4(4,5) 483.82
754. 2(1,7,11,12) 4(4,5) 483.82
755. 2(2,7,11,12) 4(4,5) 483.82
756. 2(3,4,7) 4(3,4,5) 482.67
757. 2(7,11,12) 4(3,4,5) 482.67
758. 2(3,7,12) 4(3,4,5) 481.99
759. 2(3,7,10,11,12) 4(5) 481.88
760. 2(3,4,6,7,11,12)  481.82
761. 2(4,6,7,8) 4(4,5) 480.72
762. 2(6,7,8,11) 4(4,5) 480.72
763. 2(1,6,7,11) 4(4,5) 480.18
764. 2(4,6,7,10) 4(4,5) 480.18
765. 2(7,8,9,11,12) 4(5) 478.92
766. 2(1,3,4,6) 4(4,5) 478.38
767. 2(1,4,6,11) 4(4,5) 478.38
768. 2(4,6,10,11) 4(4,5) 478.38
769. 2(6,10,11,12) 4(4,5) 478.38
770. 2(3,7,8) 4(4,5,6) 477.78
771. 2(4,6,7) 4(4,5,6) 477.78
772. 2(1,3,6,7,11) 4(5) 476.95
773. 2(7,8,12) 4(3,4,5) 476.48
774. 2(5,6,7,10,11) 4(5) 476.37
775. 2(6,7,8,11,12) 4(5) 476.37
776. 2(1,6,7,11,12) 4(5) 473.27
777. 2(3,6,7,10,11) 4(5) 473.27
778. 2(4,6,7,8,11) 4(5) 470.17
779. 2(6,7,9,10,11) 4(5) 469.63
780. 2(6,7,9,11,12) 4(5) 469.63
781. 2(1,4,7,11) 4(4,5) 469.09
782. 2(3,4,6,11) 4(4,5) 469.09
783. 2(4,6,11,12) 4(4,5) 469.09
784. 2(4,7,10,11) 4(4,5) 469.09
785. 2(6,7,12) 4(4,5,6) 468.49
786. 2(7,8,11) 4(4,5,6) 468.49
787. 2(3,4,11,12) 4(4,5) 468.41
788. 2(7,9,10,11,12) 4(5) 467.83
789. 2(3,7,8,11,12) 4(5) 467.83
790. 2(3,4,7) 4(4,5,6) 467.37
791. 2(3,6,7,12) 4(4,5) 462.9
792. 2(1,4,6,7) 4(4,5) 461.78
793. 2(6,7,10,11) 4(4,5) 461.78
794. 2(1,6,7,10,11) 4(5) 458.55
795. 2(3,6,7,11,12) 4(5) 458.55
796. 2(3,7,11) 4(4,5,6) 458.09
797. 2(7,10,11) 4(4,5,6) 458.09
798. 2(3,6,7,11) 4(4,5) 452.49
799. 2(4,6,7,12) 4(4,5) 452.49
800. 2(7,9,11,12) 4(4,5) 450.69
801. 2(7,10,11,12) 4(4,5) 450.69
802. 2(4,7,11) 4(4,5,6) 450.09
803. 2(6,7,11) 4(4,5,6) 450.09
804. 2(6,7,10,11,12) 4(5) 440.15
805. 2(3,4,6,7) 4(4,5) 434.09
806. 2(6,7,11,12) 4(4,5) 434.09
807. 2(4,6,7,11) 4(4,5) 426.1
808. 2(4,6,7,11,12) 4(5) 423.55
809. 2(3,4,7,11) 4(4,5) 423.01
810. 2(4,7,11,12) 4(4,5) 423.01
811. 2(7,11,12) 4(4,5,6) 412.0
