1. 2(1,3,5,8) 3(1,2,3,4,5,6,7) 4(1,2) 5.59647949
2. 2(4,5,6) 3(1,2,3,4,5,6,7,8) 4(1,2) 5.58794359
3. 2(2,5,7) 3(1,2,3,4,5,6,7,8) 4(1,2) 5.58793077
4. 2(3,5,7) 3(1,2,3,4,5,6,7,8) 4(1,2) 5.58793077
5. 2(2,4,5,8) 3(1,2,3,4,5,6,7) 4(1,2) 5.58615513
6. 2(1,2,7,8) 3(1,2,3,4,5,6,7) 4(1,2) 5.58064487
7. 2(1,4,5,6) 3(1,2,3,4,5,6,7) 4(1,2) 5.58064487
8. 2(1,2,5,7) 3(1,2,3,4,5,6,7) 4(1,2) 5.58063205
9. 2(1,4,5,7) 3(1,2,3,4,5,6,7) 4(1,2) 5.58063205
10. 2(1,4,6,8) 3(1,2,3,4,5,6,7) 4(1,2) 5.58063205
11. 2(1,2,6,8) 3(1,2,3,4,5,6,7) 4(1,2) 5.58063205
12. 2(1,3,5,7) 3(1,2,3,4,5,6,7) 4(1,2) 5.57956026
13. 2(1,3,6,8) 3(1,2,3,4,5,6,7) 4(1,2) 5.57956026
14. 2(1,4,5,7,8) 3(1,2,3,4,5,7) 4(1,2) 5.5771359
15. 2(1,2,5,8) 3(1,2,3,4,5,6,7) 4(1,2) 5.57705256
16. 2(1,4,5,8) 3(1,2,3,4,5,6,7) 4(1,2) 5.57705256
17. 2(1,3,6,7,8) 3(1,2,3,5,6,8) 4(1,2) 5.57395256
18. 2(2,4,6,7,8) 3(1,2,4,5,7,8) 4(1,2) 5.57395256
19. 2(2,4,5,7) 3(1,2,3,4,5,6,7) 4(1,2) 5.5692359
20. 2(2,4,6,8) 3(1,2,3,4,5,6,7) 4(1,2) 5.5692359
21. 2(2,5,8) 3(1,2,3,4,5,6,7,8) 4(1,2) 5.56744487
22. 2(4,5,8) 3(1,2,3,4,5,6,7,8) 4(1,2) 5.56744487
23. 2(1,3,5,6,7) 3(1,2,3,5,6,7) 4(1,2) 5.56739231
24. 2(1,3,5,6,8) 3(1,2,3,5,6,7) 4(1,2) 5.56739231
25. 2(1,2,4,7,8) 3(1,2,3,4,5,7) 4(1,2) 5.56711282
26. 2(1,3,4,5,8) 3(1,2,3,4,5,7) 4(1,2) 5.56711282
27. 2(1,3,5,7,8) 3(1,2,3,4,5,7) 4(1,2) 5.56468077
28. 2(2,4,5,7,8) 3(1,2,3,4,5,7) 4(1,2) 5.56468077
29. 2(2,3,5,8) 3(1,2,3,4,5,6,7) 4(1,2) 5.56461026
30. 2(3,4,5,8) 3(1,2,3,4,5,6,7) 4(1,2) 5.56461026
31. 2(1,3,4,5,7,8) 3(1,2,3,5,7) 4(1,2) 5.56380897
32. 2(1,3,4,6,7,8) 3(1,2,3,5,7) 4(1,2) 5.56380897
33. 2(2,3,4,5,7) 3(1,2,4,5,7,8) 4(1,2) 5.56362821
34. 2(1,3,4,5,7) 3(1,2,3,5,6,8) 4(1,2) 5.56362821
35. 2(2,5,7,8) 3(1,2,3,4,5,6,7,8) 4(1) 5.56300385
36. 2(1,5,6,7) 3(1,2,3,4,5,6,7,8) 4(1) 5.56300385
37. 2(1,3,5,6,7,8) 3(1,2,3,5,6,7) 4(1) 5.56228462
38. 2(1,2,4,6,7,8) 3(1,2,4,5,7) 4(1,2) 5.56137436
39. 2(1,3,4,5,6,8) 3(1,2,4,5,7) 4(1,2) 5.56137436
40. 2(1,3,4,6,7,8) 3(1,2,3,5,8) 4(1,2) 5.56075513
41. 2(2,3,4,6,7,8) 3(1,2,5,7,8) 4(1,2) 5.56075513
42. 2(1,4,5,6,8) 3(1,2,3,4,5,7) 4(1,2) 5.56022949
43. 2(1,4,6,7,8) 3(1,2,3,4,5,7) 4(1,2) 5.56022949
44. 2(1,2,4,5,7) 3(1,2,3,4,5,6,7) 4(2) 5.55939615
45. 2(1,2,4,6,8) 3(1,2,3,4,5,6,7) 4(2) 5.55939615
46. 2(1,2,5,7,8) 3(1,2,3,4,5,6,7) 4(1) 5.55927179
47. 2(1,4,5,6,8) 3(1,2,3,4,5,6,7) 4(1) 5.55927179
48. 2(3,4,5,6,7) 3(1,2,4,5,7,8) 4(1,2) 5.55917692
49. 2(3,4,5,7,8) 3(1,2,3,5,6,8) 4(1,2) 5.55917692
50. 2(1,3,5,6) 3(1,2,3,4,5,6,7) 4(1,2) 5.55907436
51. 2(1,3,7,8) 3(1,2,3,4,5,6,7) 4(1,2) 5.55907436
52. 2(2,3,4,7,8) 3(1,2,4,5,7,8) 4(1,2) 5.55898974
53. 2(1,4,6,7,8) 3(1,2,3,5,6,8) 4(1,2) 5.55898974
54. 2(1,5,7,8) 3(1,2,3,4,5,6,7) 4(1,2) 5.55865128
55. 2(1,5,6,8) 3(1,2,3,4,5,6,7) 4(1,2) 5.55865128
56. 2(1,4,5,7,8) 3(1,2,3,4,5,8) 4(1,2) 5.55855769
57. 2(1,4,5,7,8) 3(1,2,3,4,5,6) 4(1,2) 5.55855769
58. 2(1,3,4,5,6) 3(1,2,3,5,6,7) 4(1,2) 5.55844103
59. 2(1,2,3,5,7) 3(1,2,3,5,6,7) 4(1,2) 5.55842821
60. 2(1,2,3,6,8) 3(1,2,3,5,6,7) 4(1,2) 5.55842821
61. 2(1,3,5,6,8) 3(1,2,3,4,5,6,7) 4(1) 5.5582
62. 2(1,3,5,7,8) 3(1,2,3,4,5,6,7) 4(1) 5.5582
63. 2(3,4,5,6,8) 3(1,2,3,5,6,8) 4(1,2) 5.55811795
64. 2(3,4,5,6,8) 3(1,2,4,5,7,8) 4(1,2) 5.55811795
65. 2(2,4,5,6,7) 3(1,2,4,5,7,8) 4(1,2) 5.55810513
66. 2(1,3,5,7,8) 3(1,2,3,5,6,8) 4(1,2) 5.55810513
67. 2(1,2,4,7,8) 3(1,2,3,4,5,8) 4(1,2) 5.55749872
68. 2(1,4,5,6,8) 3(1,2,3,4,5,6) 4(1,2) 5.55749872
69. 2(2,3,5,7,8) 3(1,2,3,5,6,7) 4(1,2) 5.55708077
70. 2(3,4,5,6,8) 3(1,2,3,5,6,7) 4(1,2) 5.55708077
71. 2(1,2,4,5,8) 3(1,2,3,4,5,6,7) 4(2) 5.55581667
72. 2(1,4,5,6,7,8) 3(1,2,3,4,5,7) 4(1) 5.55512179
73. 2(1,2,3,5,8) 3(1,2,3,4,5,6,7) 4(2) 5.55475769
74. 2(1,3,4,5,8) 3(1,2,3,4,5,6,7) 4(2) 5.55475769
75. 2(2,3,4,6,7) 3(1,2,4,5,7,8) 4(1,2) 5.55452564
76. 2(3,4,6,7,8) 3(1,2,3,5,6,8) 4(1,2) 5.55452564
77. 2(2,4,5,7) 3(1,2,3,4,5,6,7,8) 4(1) 5.55388462
78. 2(1,3,5,7) 3(1,2,3,4,5,6,7,8) 4(1) 5.55388462
79. 2(1,3,4,5,7,8) 3(1,2,3,5,6) 4(1,2) 5.55314231
80. 2(1,3,4,6,7,8) 3(1,2,4,5,8) 4(1,2) 5.55314231
81. 2(1,2,4,6,7,8) 3(1,2,3,5,7) 4(1,2) 5.55242564
82. 2(2,3,4,5,7,8) 3(1,2,3,5,7) 4(1,2) 5.55242564
83. 2(1,2,4,6,7,8) 3(1,2,4,5,8) 4(1,2) 5.55208333
84. 2(1,3,4,5,6,8) 3(1,2,3,5,6) 4(1,2) 5.55208333
85. 2(1,2,3,5,7,8) 3(1,2,4,5,7) 4(1,2) 5.55086282
86. 2(2,3,4,5,7,8) 3(1,2,4,5,7) 4(1,2) 5.55086282
87. 2(1,3,4,5,7) 3(1,2,3,4,5,7) 4(1,2) 5.55019359
88. 2(1,2,4,5,7) 3(1,2,3,4,5,7) 4(1,2) 5.55019359
89. 2(1,2,4,6,8) 3(1,2,3,4,5,7) 4(1,2) 5.55019359
90. 2(1,3,4,6,8) 3(1,2,3,4,5,7) 4(1,2) 5.55019359
91. 2(1,2,3,4,5,7) 3(1,2,3,5,6,7) 4(2) 5.55000256
92. 2(1,2,3,4,6,8) 3(1,2,3,5,6,7) 4(2) 5.55000256
93. 2(1,5,6,7,8) 3(1,2,3,4,5,6,7) 4(1) 5.54997692
94. 2(1,2,4,5) 3(1,2,3,4,5,6,7) 4(1,2) 5.54968718
95. 2(1,2,4,8) 3(1,2,3,4,5,6,7) 4(1,2) 5.54968718
96. 2(3,4,5,6,7,8) 3(1,2,3,5,6,8) 4(1) 5.54955513
97. 2(3,4,5,6,7,8) 3(1,2,4,5,7,8) 4(1) 5.54955513
98. 2(2,4,5,6) 3(1,2,3,4,5,6,7) 4(1,2) 5.54875
99. 2(2,4,7,8) 3(1,2,3,4,5,6,7) 4(1,2) 5.54875
100. 2(1,2,3,8) 3(1,2,3,4,5,6,7) 4(1,2) 5.54862821
101. 2(1,3,4,5) 3(1,2,3,4,5,6,7) 4(1,2) 5.54862821
102. 2(1,3,5,6,7,8) 3(1,2,3,5,6,8) 4(1) 5.54848333
103. 2(2,4,5,6,7,8) 3(1,2,4,5,7,8) 4(1) 5.54848333
104. 2(2,3,4,5,8) 3(1,2,3,5,6,7) 4(1,2) 5.54811667
105. 2(2,3,4,5,7) 3(1,2,3,5,6,7) 4(1,2) 5.54810385
106. 2(2,3,4,6,8) 3(1,2,3,5,6,7) 4(1,2) 5.54810385
107. 2(2,4,5,6,8) 3(1,2,3,4,5,6,7) 4(1) 5.54787564
108. 2(2,4,5,7,8) 3(1,2,3,4,5,6,7) 4(1) 5.54787564
109. 2(1,3,4,5,7) 3(1,2,4,5,7,8) 4(1,2) 5.54778077
110. 2(2,4,5,7,8) 3(1,2,3,5,6,8) 4(1,2) 5.54778077
111. 2(1,4,5,6,7) 3(1,2,3,5,6,8) 4(1,2) 5.54760641
112. 2(2,3,5,7,8) 3(1,2,4,5,7,8) 4(1,2) 5.54760641
113. 2(2,5,7,8) 3(1,2,3,4,5,6,7) 4(1,2) 5.54726795
114. 2(4,5,6,8) 3(1,2,3,4,5,6,7) 4(1,2) 5.54726795
115. 2(2,5,6) 3(1,2,3,4,5,6,7,8) 4(1,2) 5.54694615
116. 2(1,3,4,5,6,7) 3(1,2,3,5,7) 4(1,2) 5.54690256
117. 2(1,3,4,5,6,8) 3(1,2,3,5,7) 4(1,2) 5.54690256
118. 2(2,4,5,6,7) 3(1,2,3,5,6,7) 4(1,2) 5.54674359
119. 2(2,4,5,6,8) 3(1,2,3,5,6,7) 4(1,2) 5.54674359
120. 2(1,2,4,5,8) 3(1,2,3,4,5,7) 4(1,2) 5.5466141
121. 2(1,3,4,7,8) 3(1,2,3,4,5,7) 4(1,2) 5.5466141
122. 2(1,2,4,5,7,8) 3(1,2,4,5,7) 4(1,2) 5.54639872
123. 2(1,3,4,5,7,8) 3(1,2,4,5,7) 4(1,2) 5.54639872
124. 2(1,2,4,5,6,7) 3(1,2,4,5,7) 4(1,2) 5.54552692
125. 2(1,3,4,5,6,7) 3(1,2,4,5,7) 4(1,2) 5.54552692
126. 2(1,3,4,5,6,7,8) 3(1,2,3,5,7) 4(1) 5.54536154
127. 2(1,2,3,6,7,8) 3(1,2,4,5,7) 4(1,2) 5.54533974
128. 2(2,3,4,5,6,8) 3(1,2,4,5,7) 4(1,2) 5.54533974
129. 2(1,3,4,5,7,8) 3(1,2,3,5,8) 4(1,2) 5.54490769
130. 2(2,3,4,5,6,7) 3(1,2,5,7,8) 4(1,2) 5.54490769
131. 2(3,4,5,7,8) 3(1,2,3,4,5,7) 4(1,2) 5.54419487
132. 2(1,2,5,7,8) 3(1,2,3,4,5,7) 4(1,2) 5.54419487
133. 2(2,3,4,5,8) 3(1,2,3,4,5,6,7) 4(2) 5.54337436
134. 2(1,4,5,6,7) 3(1,2,3,4,5,7) 4(1,2) 5.54332308
135. 2(1,2,6,7) 3(1,2,3,4,5,6,7) 4(1,2) 5.54323974
136. 2(1,4,6,7) 3(1,2,3,4,5,6,7) 4(1,2) 5.54323974
137. 2(3,4,5,6,7) 3(1,2,3,5,6,8) 4(1,2) 5.54314231
138. 2(3,4,5,7,8) 3(1,2,4,5,7,8) 4(1,2) 5.54314231
139. 2(1,2,4,5,7,8) 3(1,2,3,5,6) 4(1,2) 5.54281795
140. 2(1,3,4,5,7,8) 3(1,2,4,5,8) 4(1,2) 5.54281795
141. 2(2,5,6,7) 3(1,2,3,4,5,6,7,8) 4(1) 5.54250513
142. 2(3,5,6,7) 3(1,2,3,4,5,6,7,8) 4(1) 5.54250513
143. 2(1,4,5,6,7) 3(1,2,3,4,5,6,7) 4(1) 5.54236538
144. 2(1,2,6,7,8) 3(1,2,3,4,5,6,7) 4(1) 5.54236538
145. 2(1,4,5,6,7) 3(1,2,4,5,7,8) 4(1,2) 5.54227051
146. 2(2,3,5,7,8) 3(1,2,3,5,6,8) 4(1,2) 5.54227051
147. 2(2,3,4,5,8) 3(1,2,4,5,7,8) 4(1,2) 5.54208333
148. 2(1,3,4,5,6) 3(1,2,3,5,6,8) 4(1,2) 5.54208333
149. 2(2,4,5,7,8) 3(1,2,4,5,7,8) 4(1,2) 5.54207051
150. 2(1,3,5,6,7) 3(1,2,3,5,6,8) 4(1,2) 5.54207051
151. 2(1,2,4,6,7,8) 3(1,2,3,5,6) 4(1,2) 5.54175897
152. 2(2,3,4,5,7,8) 3(1,2,4,5,8) 4(1,2) 5.54175897
153. 2(1,5,6,7) 3(1,2,3,4,5,6,7) 4(1,2) 5.54174487
154. 2(1,6,7,8) 3(1,2,3,4,5,6,7) 4(1,2) 5.54174487
155. 2(3,4,5,7,8) 3(1,2,3,4,5,8) 4(1,2) 5.54165128
156. 2(1,2,5,7,8) 3(1,2,3,4,5,6) 4(1,2) 5.54165128
157. 2(2,4,5,6,7,8) 3(1,2,3,5,6,7) 4(1) 5.5416359
158. 2(1,2,4,5,6,8) 3(1,2,4,5,7) 4(1,2) 5.54087564
159. 2(1,3,4,6,7,8) 3(1,2,4,5,7) 4(1,2) 5.54087564
160. 2(2,4,5,7,8) 3(1,2,3,4,5,8) 4(1,2) 5.54057949
161. 2(1,3,5,7,8) 3(1,2,3,4,5,6) 4(1,2) 5.54057949
162. 2(1,2,3,4,5,7,8) 3(1,2,4,5,7) 4(2) 5.54048077
163. 2(1,2,5,6) 3(1,2,3,4,5,6,7) 4(1,2) 5.53964744
164. 2(1,4,7,8) 3(1,2,3,4,5,6,7) 4(1,2) 5.53964744
165. 2(1,2,4,5,6,7,8) 3(1,2,4,5,7) 4(1) 5.53947179
166. 2(1,3,4,5,6,7,8) 3(1,2,4,5,7) 4(1) 5.53947179
167. 2(1,2,4,5,6) 3(1,2,3,4,5,6,7) 4(2) 5.53891026
168. 2(1,2,4,7,8) 3(1,2,3,4,5,6,7) 4(2) 5.53891026
169. 2(1,4,5,7,8) 3(1,2,3,4,5,6,7) 4(1) 5.53877308
170. 2(1,2,5,6,8) 3(1,2,3,4,5,6,7) 4(1) 5.53877308
171. 2(1,3,5,6,7,8) 3(1,2,4,5,7,8) 4(1) 5.53815897
172. 2(2,4,5,6,7,8) 3(1,2,3,5,6,8) 4(1) 5.53815897
173. 2(1,2,4,5,7,8) 3(1,2,3,4,5,7) 4(2) 5.53804615
174. 2(1,3,4,5,7,8) 3(1,2,3,4,5,7) 4(2) 5.53804615
175. 2(1,2,3,5,8) 3(1,2,3,5,6,7) 4(1,2) 5.53794231
176. 2(1,3,4,5,8) 3(1,2,3,5,6,7) 4(1,2) 5.53794231
177. 2(1,2,3,7,8) 3(1,2,3,4,5,6,7) 4(2) 5.53785128
178. 2(1,3,4,5,6) 3(1,2,3,4,5,6,7) 4(2) 5.53785128
179. 2(1,2,3,5,7) 3(1,2,3,4,5,6,7) 4(2) 5.53783846
180. 2(1,3,4,5,7) 3(1,2,3,4,5,6,7) 4(2) 5.53783846
181. 2(1,3,4,6,8) 3(1,2,3,4,5,6,7) 4(2) 5.53783846
182. 2(1,2,3,6,8) 3(1,2,3,4,5,6,7) 4(2) 5.53783846
183. 2(2,3,4,5,6) 3(1,2,4,5,7,8) 4(1,2) 5.53761923
184. 2(1,3,4,5,8) 3(1,2,3,5,6,8) 4(1,2) 5.53761923
185. 2(1,2,3,4,5,7,8) 3(1,2,3,5,7) 4(2) 5.53752949
186. 2(1,2,3,4,6,7,8) 3(1,2,3,5,7) 4(2) 5.53752949
187. 2(1,2,3,4,5,8) 3(1,2,3,4,5,7) 4(2) 5.53712949
188. 2(1,2,3,4,7,8) 3(1,2,3,4,5,7) 4(2) 5.53712949
189. 2(1,2,5,6,7) 3(1,2,3,5,6,7) 4(1,2) 5.53658205
190. 2(1,2,5,7,8) 3(1,2,3,5,6,7) 4(1,2) 5.53658205
191. 2(1,4,5,6,8) 3(1,2,3,5,6,7) 4(1,2) 5.53658205
192. 2(2,3,5,6,8) 3(1,2,3,5,6,7) 4(1,2) 5.53658205
193. 2(2,4,5,6,8) 3(1,2,4,5,7,8) 4(1,2) 5.53654744
194. 2(1,3,5,6,8) 3(1,2,3,5,6,8) 4(1,2) 5.53654744
195. 2(1,2,3,4,5) 3(1,2,3,4,5,6,7) 4(2) 5.53649872
196. 2(1,2,3,4,8) 3(1,2,3,4,5,6,7) 4(2) 5.53649872
197. 2(1,3,4,5,6,8) 3(1,2,4,5,8) 4(1,2) 5.5362359
198. 2(1,2,3,5,7,8) 3(1,2,3,5,6) 4(1,2) 5.5362359
199. 2(2,3,4,5,6,7,8) 3(1,3,5,7) 4(1,2) 5.53601795
200. 2(1,3,4,6,7,8) 3(1,2,3,5,6,8) 4(1) 5.53579744
201. 2(2,3,4,6,7,8) 3(1,2,4,5,7,8) 4(1) 5.53579744
202. 2(1,2,3,4,5,6,8) 3(1,2,4,5,7) 4(2) 5.53495769
203. 2(1,2,3,4,6,7,8) 3(1,2,4,5,7) 4(2) 5.53495769
204. 2(2,3,4,5,8) 3(1,2,3,4,5,7) 4(1,2) 5.53417179
205. 2(1,2,3,7,8) 3(1,2,3,4,5,7) 4(1,2) 5.53417179
206. 2(1,4,5,6,7,8) 3(1,2,3,5,6,8) 4(1) 5.53352051
207. 2(2,3,5,6,7,8) 3(1,2,4,5,7,8) 4(1) 5.53352051
208. 2(1,4,5,6) 3(1,2,3,4,5,6,7,8) 4(1) 5.53341154
209. 2(2,3,5,8) 3(1,2,3,4,5,6,7,8) 4(1) 5.53341154
210. 2(1,2,5,7) 3(1,2,3,4,5,6,7,8) 4(1) 5.53339872
211. 2(2,3,5,7) 3(1,2,3,4,5,6,7,8) 4(1) 5.53339872
212. 2(2,4,5,6) 3(1,2,3,4,5,6,7,8) 4(1) 5.53339872
213. 2(2,4,5,8) 3(1,2,3,4,5,6,7,8) 4(1) 5.53339872
214. 2(1,2,3,4,6,7,8) 3(1,2,5,7) 4(1,2) 5.53327179
215. 2(1,2,3,4,6,7,8) 3(1,3,5,8) 4(1,2) 5.53327179
216. 2(1,3,4,5,6,7,8) 3(1,2,4,7) 4(1,2) 5.53294872
217. 2(2,3,4,5,6,7,8) 3(1,3,6,8) 4(1,2) 5.53294872
218. 2(1,2,4,6) 3(1,2,3,4,5,6,7) 4(1,2) 5.53278077
219. 2(1,2,4,7) 3(1,2,3,4,5,6,7) 4(1,2) 5.53278077
220. 2(1,3,4,5,7,8) 3(1,2,3,4,5,7) 4(1) 5.5324
221. 2(1,2,4,5,7,8) 3(1,2,3,4,5,7) 4(1) 5.5324
222. 2(1,4,5,6,7,8) 3(1,2,3,4,5,6) 4(1) 5.53202949
223. 2(1,4,5,6,7,8) 3(1,2,3,4,5,8) 4(1) 5.53202949
224. 2(1,2,4,5,7,8) 3(1,2,3,5,7) 4(1,2) 5.53192692
225. 2(2,3,4,6,7,8) 3(1,2,3,5,7) 4(1,2) 5.53192692
226. 2(1,3,4,5,6,7,8) 3(1,3,5,8) 4(1,2) 5.53191154
227. 2(2,3,4,5,6,7,8) 3(1,2,5,7) 4(1,2) 5.53191154
228. 2(1,2,3,5,7) 3(1,2,4,5,7,8) 4(1,2) 5.53174615
229. 2(2,4,5,6,7) 3(1,2,3,5,6,8) 4(1,2) 5.53174615
230. 2(1,3,4,6,7,8) 3(1,2,3,5,6) 4(1,2) 5.53158462
231. 2(2,3,4,6,7,8) 3(1,2,4,5,8) 4(1,2) 5.53158462
232. 2(1,2,5,6,7,8) 3(1,2,3,5,6,7) 4(1) 5.53147436
233. 2(2,3,5,6,7,8) 3(1,2,3,5,6,7) 4(1) 5.53147436
234. 2(1,2,3,4,5,7,8) 3(1,2,3,5,6) 4(2) 5.53137692
235. 2(1,3,4,5,6,7,8) 3(1,2,4,5,8) 4(1) 5.53137692
236. 2(1,2,3,5,7,8) 3(1,2,3,5,7) 4(1,2) 5.53086795
237. 2(1,2,3,6,7,8) 3(1,2,3,5,7) 4(1,2) 5.53086795
238. 2(1,3,4,5,7) 3(1,2,3,4,5,8) 4(1,2) 5.53025513
239. 2(2,4,5,7,8) 3(1,2,3,4,5,6) 4(1,2) 5.53025513
240. 2(1,2,3,4,6,7,8) 3(1,2,4,5,8) 4(2) 5.53018077
241. 2(1,3,4,5,6,7,8) 3(1,2,3,5,6) 4(1) 5.53018077
242. 2(1,2,3,4,5,6) 3(1,2,3,5,6,7) 4(2) 5.52951667
243. 2(1,2,3,4,5,8) 3(1,2,3,5,6,7) 4(2) 5.52951667
244. 2(1,2,4,5,6,8) 3(1,2,3,4,5,6,7)  5.52943974
245. 2(1,2,4,5,7,8) 3(1,2,3,4,5,6,7)  5.52943974
246. 2(1,2,3,5,7,8) 3(1,2,3,5,6,7) 4(2) 5.52937436
247. 2(1,3,4,5,6,8) 3(1,2,3,5,6,7) 4(2) 5.52937436
248. 2(1,2,3,4,6,8) 3(1,2,4,5,7) 4(1,2) 5.52935769
249. 2(1,2,3,4,5,6,7) 3(1,3,5,7) 4(1,2) 5.5284141
250. 2(1,2,3,5,7,8) 3(1,2,3,4,5,6,7)  5.52838077
251. 2(1,3,4,5,6,8) 3(1,2,3,4,5,6,7)  5.52838077
252. 2(1,2,3,5) 3(1,2,3,4,5,6,7) 4(1,2) 5.52812949
253. 2(1,3,4,8) 3(1,2,3,4,5,6,7) 4(1,2) 5.52812949
254. 2(1,3,4,5,6,7) 3(1,2,5,7,8) 4(1,2) 5.52800128
255. 2(2,3,4,5,7,8) 3(1,2,3,5,8) 4(1,2) 5.52800128
256. 2(2,4,5,6,7,8) 3(1,2,4,5,7) 4(1,2) 5.52799744
257. 2(1,3,5,6,7,8) 3(1,2,4,5,7) 4(1,2) 5.52799744
258. 2(1,2,3,6,7,8) 3(1,2,5,7,8) 4(1,2) 5.5278141
259. 2(1,2,4,6,7,8) 3(1,2,3,5,8) 4(1,2) 5.5278141
260. 2(1,2,4,5,6) 3(1,2,3,5,6,7) 4(1,2) 5.52761795
261. 2(2,3,4,5,6) 3(1,2,3,5,6,7) 4(1,2) 5.52761795
262. 2(1,2,4,5,7,8) 3(1,2,3,4,5) 4(1,2) 5.52738205
263. 2(1,3,4,5,7,8) 3(1,2,3,4,5) 4(1,2) 5.52738205
264. 2(1,2,6,7,8) 3(1,2,3,4,5,7) 4(1,2) 5.52728846
265. 2(3,4,5,6,8) 3(1,2,3,4,5,7) 4(1,2) 5.52728846
266. 2(2,4,5,6,8) 3(1,2,3,4,5,7) 4(1,2) 5.52727564
267. 2(2,4,6,7,8) 3(1,2,3,4,5,7) 4(1,2) 5.52727564
268. 2(1,3,5,6,8) 3(1,2,3,4,5,7) 4(1,2) 5.52727564
269. 2(1,3,6,7,8) 3(1,2,3,4,5,7) 4(1,2) 5.52727564
270. 2(2,3,7,8) 3(1,2,3,4,5,6,7) 4(1,2) 5.52720513
271. 2(3,4,5,6) 3(1,2,3,4,5,6,7) 4(1,2) 5.52720513
272. 2(2,3,5,7) 3(1,2,3,4,5,6,7) 4(1,2) 5.52719231
273. 2(3,4,5,7) 3(1,2,3,4,5,6,7) 4(1,2) 5.52719231
274. 2(3,4,6,8) 3(1,2,3,4,5,6,7) 4(1,2) 5.52719231
275. 2(2,3,6,8) 3(1,2,3,4,5,6,7) 4(1,2) 5.52719231
276. 2(4,5,7,8) 3(1,2,3,4,5,6,7) 4(1,2) 5.52676923
277. 2(2,5,6,8) 3(1,2,3,4,5,6,7) 4(1,2) 5.52676923
278. 2(1,3,4,5,6,7,8) 3(1,2,5,7) 4(1,2) 5.52638846
279. 2(2,3,4,5,6,7,8) 3(1,3,5,8) 4(1,2) 5.52638846
280. 2(2,3,5,7,8) 3(1,2,3,4,5,6,7) 4(1) 5.52633077
281. 2(3,4,5,6,8) 3(1,2,3,4,5,6,7) 4(1) 5.52633077
282. 2(1,2,4,5,7) 3(1,2,4,5,7,8) 4(1,2) 5.52622308
283. 2(1,2,3,5,7) 3(1,2,3,5,6,8) 4(1,2) 5.52622308
284. 2(1,3,4,5,6,7) 3(1,2,4,5,8) 4(1,2) 5.52591154
285. 2(2,3,4,5,7,8) 3(1,2,3,5,6) 4(1,2) 5.52591154
286. 2(3,5,6,8) 3(1,2,3,4,5,6,7) 4(1,2) 5.52571026
287. 2(3,5,7,8) 3(1,2,3,4,5,6,7) 4(1,2) 5.52571026
288. 2(1,2,3,4,5,6,7,8) 3(1,2,4,5,7)  5.52495769
289. 2(1,2,3,5,6,8) 3(1,2,4,5,7) 4(1,2) 5.52484103
290. 2(2,3,4,6,7,8) 3(1,2,4,5,7) 4(1,2) 5.52484103
291. 2(1,2,3,4,5,6,7,8) 3(1,3,5,7) 4(2) 5.52482564
292. 2(1,3,4,5,6,7) 3(1,2,4,5,7,8) 4(1) 5.52460128
293. 2(2,3,4,5,7,8) 3(1,2,3,5,6,8) 4(1) 5.52460128
294. 2(1,2,4,6,7,8) 3(1,2,3,5,6,8) 4(1) 5.5244141
295. 2(1,3,4,5,6,7) 3(1,2,3,5,6,8) 4(1) 5.5244141
296. 2(2,3,4,5,7,8) 3(1,2,4,5,7,8) 4(1) 5.5244141
297. 2(1,2,3,6,7,8) 3(1,2,4,5,7,8) 4(1) 5.5244141
298. 2(1,2,4,5,7,8) 3(1,2,3,4,5,6) 4(1) 5.52398205
299. 2(1,3,4,5,7,8) 3(1,2,3,4,5,8) 4(1) 5.52398205
300. 2(1,2,3,5,7,8) 3(1,2,3,5,6,7) 4(1) 5.52372821
301. 2(1,3,4,5,6,8) 3(1,2,3,5,6,7) 4(1) 5.52372821
302. 2(1,2,3,4,6,7,8) 3(1,2,5,8) 4(1,2) 5.52365769
303. 2(1,4,5,6,7,8) 3(1,2,3,5,7) 4(1,2) 5.52356154
304. 2(3,4,5,6,7,8) 3(1,2,3,5,7) 4(1,2) 5.52356154
305. 2(1,4,5,6,7,8) 3(1,2,4,5,7) 4(1,2) 5.52354615
306. 2(1,2,3,5,6,7,8) 3(1,2,4,5,7) 4(1) 5.52343718
307. 2(2,3,4,5,6,7,8) 3(1,2,4,5,7) 4(1) 5.52343718
308. 2(1,3,4,6,7,8) 3(1,2,5,7,8) 4(1,2) 5.52335
309. 2(2,3,4,6,7,8) 3(1,2,3,5,8) 4(1,2) 5.52335
310. 2(1,2,3,4,7,8) 3(1,2,3,5,7) 4(1,2) 5.52284103
311. 2(5,6,7,8) 3(1,2,3,4,5,6,7,8) 4(1) 5.5227641
312. 2(1,4,5,7,8) 3(1,2,3,5,6,8) 4(1,2) 5.52264359
313. 2(2,3,5,6,7) 3(1,2,4,5,7,8) 4(1,2) 5.52264359
314. 2(1,3,5,6,7,8) 3(1,2,3,5,7) 4(1,2) 5.52248974
315. 2(1,3,4,5,6,7,8) 3(1,2,3,5,6,8)  5.52223077
316. 2(2,3,4,5,6,7,8) 3(1,2,4,5,7,8)  5.52223077
317. 2(2,4,5,6,7,8) 3(1,2,3,4,5,7) 4(1) 5.52216795
318. 2(1,3,5,6,7,8) 3(1,2,3,4,5,7) 4(1) 5.52216795
319. 2(1,2,4,6,7) 3(1,2,3,4,5,6,7) 4(2) 5.52200385
320. 2(1,3,4,5,6,7,8) 3(1,2,3,5,8) 4(1) 5.52194615
321. 2(2,3,4,5,6,7,8) 3(1,2,5,7,8) 4(1) 5.52194615
322. 2(1,2,5,6,7) 3(1,2,3,4,5,6,7) 4(1) 5.52186667
323. 2(1,4,6,7,8) 3(1,2,3,4,5,6,7) 4(1) 5.52186667
324. 2(1,3,6,7) 3(1,2,3,4,5,6,7) 4(1,2) 5.52166923
325. 2(1,2,3,4,5,6,7,8) 3(1,3,6) 4(1,2) 5.52163462
326. 2(2,3,5,6,8) 3(1,2,4,5,7,8) 4(1,2) 5.52158462
327. 2(1,4,5,6,8) 3(1,2,3,5,6,8) 4(1,2) 5.52158462
328. 2(1,2,4,5,7,8) 3(1,2,4,5,8) 4(1,2) 5.52126026
329. 2(1,2,4,5,6,8) 3(1,2,3,5,6) 4(1,2) 5.52126026
330. 2(1,2,4,6,7,8) 3(1,2,3,4,5,7) 4(2) 5.52113974
331. 2(1,3,4,5,6,8) 3(1,2,3,4,5,7) 4(2) 5.52113974
332. 2(1,3,5,6,7) 3(1,2,3,4,5,6,7) 4(1) 5.52079487
333. 2(1,3,6,7,8) 3(1,2,3,4,5,6,7) 4(1) 5.52079487
334. 2(2,3,5,7,8) 3(1,2,3,4,5,6,7,8)  5.52037436
335. 2(1,2,3,5,7) 3(1,2,3,4,5,6,7,8)  5.52036154
336. 2(2,4,5,6,7) 3(1,2,3,4,5,6,7,8)  5.52036154
337. 2(1,2,3,4,5,7) 3(1,2,3,4,5,7) 4(2) 5.52021026
338. 2(1,2,3,4,6,8) 3(1,2,3,4,5,7) 4(2) 5.52021026
339. 2(1,2,3,6,7,8) 3(1,2,4,5,8) 4(1,2) 5.52020128
340. 2(1,3,4,5,6,7) 3(1,2,3,5,6) 4(1,2) 5.52020128
341. 2(1,2,3,5,8) 3(1,2,3,4,5,6) 4(1,2) 5.52009359
342. 2(1,4,5,6,8) 3(1,2,3,4,5,8) 4(1,2) 5.52009359
343. 2(1,3,4,5,7,8) 3(1,2,3,5,6,8) 4(1) 5.51995
344. 2(1,3,4,6,7,8) 3(1,2,4,5,7,8) 4(1) 5.51995
345. 2(2,3,4,5,6,7) 3(1,2,4,5,7,8) 4(1) 5.51995
346. 2(2,3,4,6,7,8) 3(1,2,3,5,6,8) 4(1) 5.51995
347. 2(1,2,3,4,5,7,8) 3(1,2,4,5,8) 4(2) 5.51985641
348. 2(1,2,4,5,6,7,8) 3(1,2,3,5,6) 4(1) 5.51985641
349. 2(1,2,3,4,7,8) 3(1,2,4,5,8) 4(1,2) 5.51977821
350. 2(1,4,5,6,7,8) 3(1,2,3,5,6) 4(1,2) 5.51977821
351. 2(1,2,3,4,5,6,7) 3(1,2,4,5,7) 4(2) 5.51911026
352. 2(1,2,4,5,6,7) 3(1,2,3,5,6,7) 4(2) 5.51905
353. 2(2,3,4,5,6,8) 3(1,2,3,5,6,7) 4(2) 5.51905
354. 2(1,2,3,4,5,7) 3(1,2,4,5,7) 4(1,2) 5.51903333
355. 2(1,3,5,6,8) 3(1,2,3,4,5,6) 4(1,2) 5.51902179
356. 2(2,4,6,7,8) 3(1,2,3,4,5,8) 4(1,2) 5.51902179
357. 2(1,2,3,6,7,8) 3(1,2,3,5,6,8) 4(1) 5.51889103
358. 2(1,2,4,6,7,8) 3(1,2,4,5,7,8) 4(1) 5.51889103
359. 2(1,3,4,5,6,8) 3(1,2,3,5,6,8) 4(1) 5.51889103
360. 2(2,3,4,5,6,8) 3(1,2,4,5,7,8) 4(1) 5.51889103
361. 2(5,6,7) 3(1,2,3,4,5,6,7,8) 4(1,2) 5.51809872
362. 2(2,5,6,7,8) 3(1,2,3,4,5,6,7) 4(1) 5.51809487
363. 2(4,5,6,7,8) 3(1,2,3,4,5,6,7) 4(1) 5.51809487
364. 2(1,2,3,5,6) 3(1,2,3,5,6,7) 4(1,2) 5.51744359
365. 2(1,2,3,4,6,7,8) 3(1,2,3,5,8) 4(2) 5.51743205
366. 2(1,2,3,4,6,7,8) 3(1,2,5,7,8) 4(2) 5.51743205
367. 2(1,2,3,4,5,6,7) 3(1,2,5,7) 4(1,2) 5.51742436
368. 2(1,2,3,4,5,7,8) 3(1,3,5,8) 4(1,2) 5.51742436
369. 2(1,2,3,4,5,6,7) 3(1,3,6,8) 4(1,2) 5.5169141
370. 2(2,3,4,5,6,7,8) 3(1,2,4,7) 4(1,2) 5.5169141
371. 2(2,3,4,5) 3(1,2,3,4,5,6,7) 4(1,2) 5.51674615
372. 2(2,3,4,8) 3(1,2,3,4,5,6,7) 4(1,2) 5.51674615
373. 2(1,2,5,6,8) 3(1,2,3,5,6,7) 4(1,2) 5.51608333
374. 2(2,3,5,6,7) 3(1,2,3,5,6,7) 4(1,2) 5.51608333
375. 2(1,2,3,5,6,7,8) 3(1,2,5,6) 4(1,2) 5.51604487
376. 2(2,3,4,5,6,7,8) 3(1,4,5,8) 4(1,2) 5.51604487
377. 2(1,2,3,5,6,7,8) 3(1,2,3,5,6,7)  5.51567051
378. 2(1,2,4,6,7,8) 3(1,2,3,4,5,7) 4(1) 5.51549359
379. 2(1,3,4,5,6,8) 3(1,2,3,4,5,7) 4(1) 5.51549359
380. 2(1,2,4,5,6,7) 3(1,2,3,5,7) 4(1,2) 5.51502051
381. 2(2,3,4,5,6,8) 3(1,2,3,5,7) 4(1,2) 5.51502051
382. 2(1,2,3,6,7,8) 3(1,2,3,5,6) 4(1,2) 5.51467821
383. 2(2,3,4,5,6,8) 3(1,2,4,5,8) 4(1,2) 5.51467821
384. 2(1,2,3,4,5,8) 3(1,2,4,5,7) 4(1,2) 5.51439487
385. 2(1,2,3,4,7,8) 3(1,2,4,5,7) 4(1,2) 5.51439487
386. 2(1,2,3,4,5,7,8) 3(1,2,3,4,5,7)  5.51431923
387. 2(1,2,3,5,8) 3(1,2,3,4,5,7) 4(1,2) 5.51367308
388. 2(2,3,4,7,8) 3(1,2,3,4,5,7) 4(1,2) 5.51367308
389. 2(1,2,3,4,5,6,7,8) 3(1,3,5,7) 4(1) 5.51353333
390. 2(1,2,4,5,6,7,8) 3(1,2,3,5,7) 4(1) 5.51347949
391. 2(2,3,4,5,6,7,8) 3(1,2,3,5,7) 4(1) 5.51347949
392. 2(2,3,4,5,6,8) 3(1,2,3,5,6,7) 4(1) 5.51340385
393. 2(1,2,4,5,6,7) 3(1,2,3,5,6,7) 4(1) 5.51340385
394. 2(1,2,3,4,5,7,8) 3(1,2,4,5) 4(1,2) 5.51333333
395. 2(1,2,3,4,6,8) 3(1,2,4,5,8) 4(1,2) 5.51318333
396. 2(1,3,5,6,7,8) 3(1,2,3,5,6) 4(1,2) 5.51318333
397. 2(1,2,3,4,6,7) 3(1,2,5,7,8) 4(1,2) 5.51290385
398. 2(1,2,3,4,7,8) 3(1,2,3,5,8) 4(1,2) 5.51290385
399. 2(1,2,4,6,7) 3(1,2,3,4,5,7) 4(1,2) 5.51280128
400. 2(1,3,4,5,6) 3(1,2,3,4,5,7) 4(1,2) 5.51280128
401. 2(1,2,4,5,6,7) 3(1,2,3,4,5,6,7)  5.51253333
402. 2(1,2,4,6,7,8) 3(1,2,3,4,5,6,7)  5.51253333
403. 2(2,4,5,6,7,8) 3(1,2,3,5,7) 4(1,2) 5.51216538
404. 2(1,4,5,6,7,8) 3(1,2,4,5,7,8) 4(1) 5.51215
405. 2(2,3,5,6,7,8) 3(1,2,3,5,6,8) 4(1) 5.51215
406. 2(1,3,4,5,6,7) 3(1,2,3,5,8) 4(1,2) 5.51196667
407. 2(2,3,4,5,7,8) 3(1,2,5,7,8) 4(1,2) 5.51196667
408. 2(2,4,6,7) 3(1,2,3,4,5,6,7) 4(1,2) 5.51134487
409. 2(2,3,5,7,8) 3(1,2,3,4,5,7) 4(1,2) 5.51125385
410. 2(1,2,3,7) 3(1,2,3,4,5,6,7) 4(1,2) 5.51122308
411. 2(1,3,4,6) 3(1,2,3,4,5,6,7) 4(1,2) 5.51122308
412. 2(1,2,3,4,5,6,7,8) 3(1,2,3,5,7)  5.5104859
413. 2(2,4,5,6,7) 3(1,2,3,4,5,6,7) 4(1) 5.51047051
414. 2(2,4,6,7,8) 3(1,2,3,4,5,6,7) 4(1) 5.51047051
415. 2(1,2,3,5,6,7,8) 3(1,2,5,7) 4(1,2) 5.51035385
416. 2(1,2,4,5,6,7,8) 3(1,3,5,8) 4(1,2) 5.51035385
417. 2(1,2,3,5,7,8) 3(1,2,4,5,8) 4(1,2) 5.50987692
418. 2(1,2,4,5,6,7) 3(1,2,3,5,6) 4(1,2) 5.50987692
419. 2(4,5,6,7) 3(1,2,3,4,5,6,7) 4(1,2) 5.50986282
420. 2(2,6,7,8) 3(1,2,3,4,5,6,7) 4(1,2) 5.50986282
421. 2(1,2,4,5,6,7,8) 3(1,2,4,5,8) 4(1) 5.50981923
422. 2(2,3,4,5,6,7,8) 3(1,2,4,5,8) 4(1) 5.50981923
423. 2(1,2,3,4,5,6,8) 3(1,2,3,5,6) 4(2) 5.50981923
424. 2(1,2,3,4,6,7,8) 3(1,2,3,5,6) 4(2) 5.50981923
425. 2(2,3,4,5,6,7) 3(1,2,4,5,7) 4(1,2) 5.50899359
426. 2(1,2,3,5,6,7) 3(1,2,4,5,7) 4(1,2) 5.50899359
427. 2(1,2,3,5,6,7) 3(1,2,3,5,6,7) 4(2) 5.50887564
428. 2(1,2,3,5,6,8) 3(1,2,3,5,6,7) 4(2) 5.50887564
429. 2(1,2,4,5,6,7,8) 3(1,3,4,5) 4(1,2) 5.50886282
430. 2(1,3,4,5,6,7,8) 3(1,2,3,5) 4(1,2) 5.50886282
431. 2(1,4,5,6,7) 3(1,2,3,4,5,6) 4(1,2) 5.50871026
432. 2(1,4,5,6,7) 3(1,2,3,4,5,8) 4(1,2) 5.50871026
433. 2(1,2,4,5,7) 3(1,2,3,4,5,8) 4(1,2) 5.50869744
434. 2(1,3,4,5,7) 3(1,2,3,4,5,6) 4(1,2) 5.50869744
435. 2(1,3,4,5,7,8) 3(1,2,3,4,5,6,7)  5.50788205
436. 2(1,2,3,5,6,8) 3(1,2,3,4,5,6,7)  5.50788205
437. 2(1,2,5,7,8) 3(1,2,3,4,5,6,7) 4(2) 5.50782308
438. 2(1,4,5,6,8) 3(1,2,3,4,5,6,7) 4(2) 5.50782308
439. 2(1,2,4,5,6,7,8) 3(1,2,4,5) 4(1,2) 5.50781026
440. 2(1,3,4,5,6,7,8) 3(1,2,4,5) 4(1,2) 5.50781026
441. 2(1,3,4,5,6,7,8) 3(1,2,5,8) 4(1,2) 5.50781026
442. 2(2,3,4,5,6,7,8) 3(1,2,5,8) 4(1,2) 5.50781026
443. 2(3,4,5,6,7,8) 3(1,2,4,5,7) 4(1,2) 5.50751154
444. 2(1,2,5,6,7,8) 3(1,2,4,5,7) 4(1,2) 5.50751154
445. 2(1,3,4,5,6,7,8) 3(1,2,3,4,5,7)  5.5074359
446. 2(1,2,4,5,6,7,8) 3(1,2,3,4,5,7)  5.5074359
447. 2(1,2,3,4,5,6,7,8) 3(1,3,5) 4(1,2) 5.50716282
448. 2(1,2,4,5,8) 3(1,2,3,5,6,7) 4(1,2) 5.50711923
449. 2(1,3,5,6,8) 3(1,2,3,4,5,6,7) 4(2) 5.50675128
450. 2(1,3,5,7,8) 3(1,2,3,4,5,6,7) 4(2) 5.50675128
451. 2(1,2,3,4,5,6,7) 3(1,2,3,5,6,7)  5.50670641
452. 2(1,2,3,4,5,6,8) 3(1,2,3,5,6,7)  5.50670641
453. 2(1,3,4,5,6,8) 3(1,2,3,5,8) 4(1,2) 5.50644359
454. 2(2,3,4,5,6,8) 3(1,2,5,7,8) 4(1,2) 5.50644359
455. 2(1,2,3,4,5,6,7) 3(1,2,4,5,7,8)  5.50638333
456. 2(2,3,4,5,6,7,8) 3(1,2,3,5,6,8)  5.50638333
457. 2(3,4,5,6,7,8) 3(1,2,3,5,8) 4(1,2) 5.50602051
458. 2(3,4,5,6,7,8) 3(1,2,5,7,8) 4(1,2) 5.50602051
459. 2(2,3,4,5,7) 3(1,2,3,4,5,6,7) 4(2) 5.50595641
460. 2(2,3,4,6,8) 3(1,2,3,4,5,6,7) 4(2) 5.50595641
461. 2(1,2,3,4,5,7) 3(1,2,3,5,7) 4(1,2) 5.50592179
462. 2(1,2,3,4,6,8) 3(1,2,3,5,7) 4(1,2) 5.50592179
463. 2(3,4,5,7,8) 3(1,2,3,4,5,6,7) 4(1) 5.50583205
464. 2(2,3,5,6,8) 3(1,2,3,4,5,6,7) 4(1) 5.50583205
465. 2(1,2,5,6,7) 3(1,2,4,5,7,8) 4(1,2) 5.50573718
466. 2(1,2,5,7,8) 3(1,2,3,5,6,8) 4(1,2) 5.50573718
467. 2(1,2,3,4,5,6,7) 3(1,4,5,8) 4(1,2) 5.50572051
468. 2(2,3,4,5,6,7,8) 3(1,2,5,6) 4(1,2) 5.50572051
469. 2(2,3,4,5,6,7,8) 3(1,2,3,5,6,7)  5.50534615
470. 2(1,2,3,4,5,8) 3(1,2,3,5,6) 4(1,2) 5.50529103
471. 2(1,2,3,4,7,8) 3(1,2,3,5,6) 4(1,2) 5.50529103
472. 2(1,4,5,6,7,8) 3(1,2,4,5,8) 4(1,2) 5.50529103
473. 2(3,4,5,6,7,8) 3(1,2,4,5,8) 4(1,2) 5.50529103
474. 2(1,2,3,5,7,8) 3(1,2,3,4,5,7) 4(2) 5.50510513
475. 2(2,3,4,5,7,8) 3(1,2,3,4,5,7) 4(2) 5.50510513
476. 2(1,2,4,5,6,7) 3(1,2,4,5,8) 4(1,2) 5.50435385
477. 2(2,3,4,5,6,8) 3(1,2,3,5,6) 4(1,2) 5.50435385
478. 2(1,2,3,4,6,8) 3(1,2,3,5,6) 4(1,2) 5.50421923
479. 2(2,4,5,6,7,8) 3(1,2,4,5,8) 4(1,2) 5.50421923
480. 2(1,2,3,4,5,6,7,8) 3(1,2,5,7) 4(2) 5.50367564
481. 2(1,2,3,4,5,6,7,8) 3(1,3,5,8) 4(2) 5.50367564
482. 2(1,2,3,5,6,7) 3(1,2,3,5,6,7) 4(1) 5.50322949
483. 2(1,2,3,5,6,8) 3(1,2,3,5,6,7) 4(1) 5.50322949
484. 2(2,3,4,5,8) 3(1,2,3,4,5,8) 4(1,2) 5.50318718
485. 2(1,2,6,7,8) 3(1,2,3,4,5,6) 4(1,2) 5.50318718
486. 2(1,2,3,5,7,8) 3(1,2,3,5,6,8) 4(1) 5.50304359
487. 2(1,2,4,5,6,7) 3(1,2,4,5,7,8) 4(1) 5.50304359
488. 2(1,3,4,5,6,8) 3(1,2,4,5,7,8) 4(1) 5.50304359
489. 2(2,3,4,5,6,8) 3(1,2,3,5,6,8) 4(1) 5.50304359
490. 2(1,2,4,5,6,8) 3(1,2,3,4,5,6) 4(1) 5.50242436
491. 2(1,3,4,5,7,8) 3(1,2,3,4,5,6) 4(1) 5.50242436
492. 2(1,2,4,5,7,8) 3(1,2,3,4,5,8) 4(1) 5.50242436
493. 2(1,3,4,6,7,8) 3(1,2,3,4,5,8) 4(1) 5.50242436
494. 2(1,2,4,5,7) 3(1,2,3,4,5,6,7) 4(1) 5.50230128
495. 2(1,2,4,6,8) 3(1,2,3,4,5,6,7) 4(1) 5.50230128
496. 2(1,2,5,6,7,8) 3(1,2,3,4,5,7) 4(1) 5.50168205
497. 2(3,4,5,6,7,8) 3(1,2,3,4,5,7) 4(1) 5.50168205
498. 2(1,2,3,4,5,6,7) 3(1,2,5,7,8) 4(2) 5.50158462
499. 2(1,2,3,4,5,7,8) 3(1,2,3,5,8) 4(2) 5.50158462
500. 2(1,2,3,4,5,6,7) 3(1,3,5,8) 4(1,2) 5.50138974
501. 2(1,2,3,4,5,7,8) 3(1,2,5,7) 4(1,2) 5.50138974
502. 2(1,2,4,6,7,8) 3(1,2,3,4,5,8) 4(1) 5.50136538
503. 2(1,3,4,5,6,8) 3(1,2,3,4,5,6) 4(1) 5.50136538
504. 2(1,2,4,5,6,8) 3(1,2,3,4,5,7) 4(2) 5.50064103
505. 2(1,3,4,6,7,8) 3(1,2,3,4,5,7) 4(2) 5.50064103
506. 2(1,2,4,5,6) 3(1,2,4,5,7,8) 4(1,2) 5.5002141
507. 2(2,3,5,6,8) 3(1,2,3,5,6,8) 4(1,2) 5.5002141
508. 2(1,2,3,4,5,6,7) 3(1,2,3,5,7) 4(2) 5.50012436
509. 2(1,2,3,4,5,6,8) 3(1,2,3,5,7) 4(2) 5.50012436
510. 2(1,2,3,4,5,7,8) 3(1,2,3,5) 4(1,2) 5.49989872
511. 2(1,2,3,4,5,7,8) 3(1,3,4,5) 4(1,2) 5.49989872
512. 2(1,2,5,6,7) 3(1,2,3,4,5,6,7,8)  5.49987564
513. 2(1,2,5,7,8) 3(1,2,3,4,5,6,7,8)  5.49987564
514. 2(1,2,3,4,5,6,7,8) 3(1,2,3,5,6)  5.49981923
515. 2(1,2,3,4,5,6,7,8) 3(1,2,4,5,8)  5.49981923
516. 2(1,2,4,5,8) 3(1,2,3,4,5,8) 4(1,2) 5.49959487
517. 2(1,2,5,6,8) 3(1,2,3,4,5,6) 4(1,2) 5.49959487
518. 2(1,3,4,5,6,7,8) 3(1,2,3,5,7) 4(2) 5.49955897
519. 2(2,3,4,5,7,8) 3(1,2,3,4,5,7) 4(1) 5.49945897
520. 2(1,2,3,5,7,8) 3(1,2,3,4,5,7) 4(1) 5.49945897
521. 2(1,2,3,4,6) 3(1,2,3,4,5,6,7) 4(2) 5.49909359
522. 2(1,2,3,4,7) 3(1,2,3,4,5,6,7) 4(2) 5.49909359
523. 2(1,2,4,5,8) 3(1,2,3,4,5,6,7) 4(1) 5.49872179
524. 2(1,2,4,5,6,8) 3(1,2,3,5,6,7) 4(2) 5.49855128
525. 2(2,3,4,5,6,7) 3(1,2,3,5,6,7) 4(2) 5.49855128
526. 2(1,2,3,4,5,6,7,8) 3(1,2,5,7) 4(1) 5.49802949
527. 2(1,2,3,4,5,6,7,8) 3(1,3,5,8) 4(1) 5.49802949
528. 2(1,2,3,4,5,6,7,8) 3(1,2,5,6) 4(1) 5.49784615
529. 2(1,2,3,4,5,6,7,8) 3(1,4,5,8) 4(1) 5.49784615
530. 2(1,3,4,5,8) 3(1,2,3,4,5,6,7) 4(1) 5.49766282
531. 2(1,2,3,5,8) 3(1,2,3,4,5,6,7) 4(1) 5.49766282
532. 2(1,2,3,4,5,8) 3(1,2,3,4,5,6,7)  5.4974359
533. 2(1,2,3,5,6) 3(1,2,3,4,5,6,7) 4(2) 5.49685385
534. 2(1,3,4,7,8) 3(1,2,3,4,5,6,7) 4(2) 5.49685385
535. 2(2,3,4,5,7) 3(1,2,3,4,5,7) 4(1,2) 5.49675385
536. 2(1,2,3,5,7) 3(1,2,3,4,5,7) 4(1,2) 5.49675385
537. 2(1,2,3,6,8) 3(1,2,3,4,5,7) 4(1,2) 5.49675385
538. 2(2,3,4,6,8) 3(1,2,3,4,5,7) 4(1,2) 5.49675385
539. 2(3,5,6,7,8) 3(1,2,3,4,5,6,7) 4(1) 5.49653718
540. 2(2,3,4,5,6,8) 3(1,2,3,4,5,6,7)  5.49649872
541. 2(2,3,4,5,7,8) 3(1,2,3,4,5,6,7)  5.49649872
542. 2(1,2,3,4,5,6,7,8) 3(1,2,5) 4(1,2) 5.49649615
543. 2(1,2,3,4,5,6,7,8) 3(1,4,5) 4(1,2) 5.49649615
544. 2(2,4,5,7,8) 3(1,2,3,4,5,6,7) 4(2) 5.49642692
545. 2(2,4,5,6,8) 3(1,2,3,4,5,6,7) 4(2) 5.49642692
546. 2(3,5,6,7,8) 3(1,2,3,5,6,7) 4(1,2) 5.4962
547. 2(1,2,5,6,7,8) 3(1,2,3,5,6,8) 4(1) 5.49611538
548. 2(1,2,5,6,7,8) 3(1,2,4,5,7,8) 4(1) 5.49611538
549. 2(1,2,3,4,5,6,8) 3(1,2,5,7) 4(1,2) 5.49586667
550. 2(1,2,3,4,5,6,8) 3(1,3,5,8) 4(1,2) 5.49586667
551. 2(1,2,3,4,5,7,8) 3(1,3,6,8) 4(1,2) 5.49554359
552. 2(1,2,4,5,6,7,8) 3(1,2,4,7) 4(1,2) 5.49554359
553. 2(1,3,4,6,7,8) 3(1,2,3,4,5,7) 4(1) 5.49499487
554. 2(1,2,4,5,6,8) 3(1,2,3,4,5,7) 4(1) 5.49499487
555. 2(3,4,5,6,7,8) 3(1,2,3,4,5,8) 4(1) 5.49462436
556. 2(1,2,5,6,7,8) 3(1,2,3,4,5,6) 4(1) 5.49462436
557. 2(1,2,4,5,6,8) 3(1,2,3,5,7) 4(1,2) 5.49452179
558. 2(2,3,4,5,6,7) 3(1,2,3,5,7) 4(1,2) 5.49452179
559. 2(1,2,3,5,6,7,8) 3(1,3,5,8) 4(1,2) 5.49450641
560. 2(1,2,4,5,6,7,8) 3(1,2,5,7) 4(1,2) 5.49450641
561. 2(1,2,3,5,6,8) 3(1,2,3,5,6) 4(1,2) 5.49417949
562. 2(1,2,4,5,6,8) 3(1,2,4,5,8) 4(1,2) 5.49417949
563. 2(1,2,3,4,5,7) 3(1,2,3,5,6) 4(1,2) 5.49389487
564. 2(1,3,5,6,7,8) 3(1,2,4,5,8) 4(1,2) 5.49389487
565. 2(3,5,6,7,8) 3(1,2,4,5,7,8) 4(1,2) 5.49379615
566. 2(4,5,6,7,8) 3(1,2,3,5,6,8) 4(1,2) 5.49379615
567. 2(2,4,5,6,7,8) 3(1,2,3,4,5,8) 4(1) 5.49355256
568. 2(1,3,5,6,7,8) 3(1,2,3,4,5,6) 4(1) 5.49355256
569. 2(1,2,3,4,5,6,7,8) 3(1,2,4,7) 4(1) 5.49319231
570. 2(1,2,3,4,5,6,7,8) 3(1,3,6,8) 4(1) 5.49319231
571. 2(1,2,3,4,5,6) 3(1,2,4,5,7) 4(1,2) 5.49302436
572. 2(1,2,3,4,6,7) 3(1,2,4,5,7) 4(1,2) 5.49302436
573. 2(1,2,4,5,6,8) 3(1,2,3,5,6,7) 4(1) 5.49290513
574. 2(2,3,4,5,6,7) 3(1,2,3,5,6,7) 4(1) 5.49290513
575. 2(1,2,3,4,5,6,8) 3(1,2,4,5,8) 4(2) 5.49277564
576. 2(1,2,3,5,6,7,8) 3(1,2,3,5,6) 4(1) 5.49277564
577. 2(1,2,3,4,5,7) 3(1,2,4,5,8) 4(1,2) 5.49253462
578. 2(2,4,5,6,7,8) 3(1,2,3,5,6) 4(1,2) 5.49253462
579. 2(1,2,3,5,7,8) 3(1,2,4,5,7,8) 4(1) 5.49253205
580. 2(1,2,4,5,6,7) 3(1,2,3,5,6,8) 4(1) 5.49253205
581. 2(1,2,5,6) 3(1,2,3,4,5,6,7,8) 4(1) 5.4924141
582. 2(2,3,5,6) 3(1,2,3,4,5,6,7,8) 4(1) 5.4924141
583. 2(1,2,4,5,6) 3(1,2,3,4,5,7) 4(1,2) 5.49230256
584. 2(1,3,4,6,7) 3(1,2,3,4,5,7) 4(1,2) 5.49230256
585. 2(1,2,3,5,6,7,8) 3(1,2,3,5,7) 4(1) 5.49192179
586. 2(2,3,5,6,7,8) 3(1,2,4,5,7) 4(1,2) 5.49147692
587. 2(1,2,4,5,7,8) 3(1,2,3,5,8) 4(1,2) 5.49146795
588. 2(1,2,3,5,6,7) 3(1,2,5,7,8) 4(1,2) 5.49146795
589. 2(1,3,4,5,6,7) 3(1,2,3,4,5,6,7)  5.49097564
590. 2(1,2,3,6,7,8) 3(1,2,3,4,5,6,7)  5.49097564
591. 2(1,4,5,6,7) 3(1,2,3,4,5,6,7) 4(2) 5.49091667
592. 2(1,2,6,7,8) 3(1,2,3,4,5,6,7) 4(2) 5.49091667
593. 2(1,3,4,7) 3(1,2,3,4,5,6,7) 4(1,2) 5.49072436
594. 2(1,2,3,6) 3(1,2,3,4,5,6,7) 4(1,2) 5.49072436
595. 2(1,4,5,6,7,8) 3(1,2,3,4,5,6,7)  5.49055256
596. 2(1,2,5,6,7,8) 3(1,2,3,4,5,6,7)  5.49055256
597. 2(1,2,3,6,7,8) 3(1,2,3,5,8) 4(1,2) 5.49040897
598. 2(1,2,4,6,7,8) 3(1,2,5,7,8) 4(1,2) 5.49040897
599. 2(1,2,3,4,5,7,8) 3(1,2,4,5,7,8)  5.49034872
600. 2(1,2,4,5,6,7,8) 3(1,2,3,5,6,8)  5.49034872
601. 2(1,4,5,6,7,8) 3(1,2,3,5,8) 4(1,2) 5.4899859
602. 2(2,3,5,6,7,8) 3(1,2,5,7,8) 4(1,2) 5.4899859
603. 2(2,4,5,6,7) 3(1,2,3,4,5,7) 4(1,2) 5.48987051
604. 2(1,3,5,6,7) 3(1,2,3,4,5,7) 4(1,2) 5.48987051
605. 2(1,2,5,6,7) 3(1,2,3,5,6,8) 4(1,2) 5.48970256
606. 2(1,2,5,7,8) 3(1,2,4,5,7,8) 4(1,2) 5.48970256
607. 2(1,3,5,6,7,8) 3(1,2,3,4,5,6,7)  5.48948077
608. 2(2,5,6,7) 3(1,2,3,4,5,6,7) 4(1,2) 5.4893641
609. 2(4,6,7,8) 3(1,2,3,4,5,6,7) 4(1,2) 5.4893641
610. 2(1,3,4,5,6,8) 3(1,2,3,4,5) 4(1,2) 5.48891795
611. 2(1,2,4,6,7,8) 3(1,2,3,4,5) 4(1,2) 5.48891795
612. 2(1,2,4,5,6,7,8) 3(1,2,3,4,5,6)  5.48885769
613. 2(1,2,3,4,5,7,8) 3(1,2,3,4,5,8)  5.48885769
614. 2(1,4,5,6,7,8) 3(1,2,3,4,5) 4(1,2) 5.48849487
615. 2(4,5,6,7,8) 3(1,2,4,5,7,8) 4(1,2) 5.48827308
616. 2(3,5,6,7,8) 3(1,2,3,5,6,8) 4(1,2) 5.48827308
617. 2(1,2,5,7,8) 3(1,2,3,4,5,8) 4(1,2) 5.48821154
618. 2(3,4,5,7,8) 3(1,2,3,4,5,6) 4(1,2) 5.48821154
619. 2(1,2,3,5,6,7) 3(1,2,4,5,7,8) 4(1) 5.48806795
620. 2(1,2,4,5,7,8) 3(1,2,3,5,6,8) 4(1) 5.48806795
621. 2(1,3,4,5,7,8) 3(1,2,4,5,7,8) 4(1) 5.48806795
622. 2(2,3,4,5,6,7) 3(1,2,3,5,6,8) 4(1) 5.48806795
623. 2(1,2,4,5,6,7,8) 3(1,2,4,5,7) 4(2) 5.48802308
624. 2(1,3,4,5,6,7,8) 3(1,2,4,5,7) 4(2) 5.48802308
625. 2(4,5,6,7,8) 3(1,2,3,4,5,7) 4(1,2) 5.48796538
626. 2(1,5,6,7,8) 3(1,2,3,4,5,7) 4(1,2) 5.48796538
627. 2(1,2,5,6,8) 3(1,2,3,4,5,6,7) 4(2) 5.48732436
628. 2(1,4,5,7,8) 3(1,2,3,4,5,6,7) 4(2) 5.48732436
629. 2(1,2,3,4,8) 3(1,2,3,4,5,7) 4(1,2) 5.48724487
630. 2(1,2,4,6,7) 3(1,2,3,4,5,8) 4(1,2) 5.48715256
631. 2(3,4,5,6,8) 3(1,2,3,4,5,6) 4(1,2) 5.48715256
632. 2(1,2,5,6,8) 3(1,2,3,4,5,7) 4(1,2) 5.48629103
633. 2(3,4,6,7,8) 3(1,2,3,4,5,7) 4(1,2) 5.48629103
634. 2(2,3,4,5,8) 3(1,2,3,4,5,6,7) 4(1) 5.48627949
635. 2(1,2,3,4,5,6,8) 3(1,2,4,5) 4(1,2) 5.48625256
636. 2(1,2,3,4,6,7,8) 3(1,2,4,5) 4(1,2) 5.48625256
637. 2(2,3,5,6) 3(1,2,3,4,5,6,7) 4(1,2) 5.48620769
638. 2(3,4,7,8) 3(1,2,3,4,5,6,7) 4(1,2) 5.48620769
639. 2(2,5,6,7,8) 3(1,2,3,5,6,7) 4(1,2) 5.48587564
640. 2(1,2,3,5,7,8) 3(1,2,3,4,5,6) 4(1) 5.48551795
641. 2(1,2,4,6,7,8) 3(1,2,3,4,5,6) 4(1) 5.48551795
642. 2(1,3,4,5,6,8) 3(1,2,3,4,5,8) 4(1) 5.48551795
643. 2(2,3,4,5,7,8) 3(1,2,3,4,5,8) 4(1) 5.48551795
644. 2(2,3,4,5,6) 3(1,2,3,4,5,6,7) 4(2) 5.48547051
645. 2(2,3,4,7,8) 3(1,2,3,4,5,6,7) 4(2) 5.48547051
646. 2(1,2,3,4,5,8) 3(1,2,3,5,7) 4(1,2) 5.4854359
647. 2(1,2,3,4,6,7) 3(1,2,3,5,7) 4(1,2) 5.4854359
648. 2(1,4,5,7,8) 3(1,2,4,5,7,8) 4(1,2) 5.48523846
649. 2(2,3,5,6,7) 3(1,2,3,5,6,8) 4(1,2) 5.48523846
650. 2(1,2,3,5,6,7,8) 3(1,2,3,5,6,8)  5.48482564
651. 2(1,2,4,5,6,7,8) 3(1,2,4,5,7,8)  5.48482564
652. 2(1,3,4,5,6,7,8) 3(1,2,5,7,8) 4(1) 5.48454103
653. 2(2,3,4,5,6,7,8) 3(1,2,3,5,8) 4(1) 5.48454103
654. 2(1,2,3,4,5,7,8) 3(1,2,3,4,5) 4(2) 5.48405897
655. 2(2,3,4,5,6,7) 3(1,2,4,5,8) 4(1,2) 5.48385513
656. 2(2,3,4,6,7,8) 3(1,2,3,5,6) 4(1,2) 5.48385513
657. 2(1,2,4,5,6,7) 3(1,2,3,4,5,7) 4(2) 5.48373462
658. 2(1,3,4,5,6,7) 3(1,2,3,4,5,7) 4(2) 5.48373462
659. 2(1,2,3,4,5,7,8) 3(1,2,4,5,7) 4(1) 5.4833859
660. 2(1,3,5,6,7,8) 3(1,2,3,4,5,8) 4(1) 5.48322821
661. 2(2,4,5,6,7,8) 3(1,2,3,4,5,6) 4(1) 5.48322821
662. 2(1,2,3,4,5,6,7) 3(1,2,4,5,8) 4(2) 5.48245128
663. 2(2,3,4,5,6,7,8) 3(1,2,3,5,6) 4(1) 5.48245128
664. 2(1,2,3,4,5,8) 3(1,2,4,5,8) 4(1,2) 5.48237308
665. 2(1,2,3,4,6,7) 3(1,2,4,5,8) 4(1,2) 5.48237308
666. 2(3,4,5,6,7,8) 3(1,2,3,5,6) 4(1,2) 5.48237308
667. 2(1,2,5,6,7,8) 3(1,2,3,5,6) 4(1,2) 5.48237308
668. 2(1,2,4,5,6) 3(1,2,3,4,5,6,7) 4(1) 5.48181538
669. 2(1,2,4,7,8) 3(1,2,3,4,5,6,7) 4(1) 5.48181538
670. 2(1,3,6,7,8) 3(1,2,3,4,5,6) 4(1,2) 5.48161667
671. 2(2,4,5,6,8) 3(1,2,3,4,5,8) 4(1,2) 5.48161667
672. 2(1,3,4,5,6) 3(1,2,3,4,5,6,7) 4(1) 5.48075641
673. 2(1,2,3,7,8) 3(1,2,3,4,5,6,7) 4(1) 5.48075641
674. 2(1,2,3,5,7) 3(1,2,3,4,5,6,7) 4(1) 5.48074359
675. 2(1,3,4,5,7) 3(1,2,3,4,5,6,7) 4(1) 5.48074359
676. 2(1,2,3,6,8) 3(1,2,3,4,5,6,7) 4(1) 5.48074359
677. 2(1,3,4,6,8) 3(1,2,3,4,5,6,7) 4(1) 5.48074359
678. 2(1,2,3,4,5,7) 3(1,2,3,4,5,6,7)  5.48051667
679. 2(1,2,3,4,6,8) 3(1,2,3,4,5,6,7)  5.48051667
680. 2(1,2,3,6,7) 3(1,2,3,4,5,6,7) 4(2) 5.47994744
681. 2(1,3,4,6,7) 3(1,2,3,4,5,6,7) 4(2) 5.47994744
682. 2(1,2,3,4,5) 3(1,2,3,5,6,7) 4(1,2) 5.47963205
683. 2(1,2,3,4,6) 3(1,2,3,5,6,7) 4(1,2) 5.47963205
684. 2(1,2,3,5,6,7,8) 3(1,2,4,7) 4(1,2) 5.47950897
685. 2(1,2,4,5,6,7,8) 3(1,3,6,8) 4(1,2) 5.47950897
686. 2(2,3,5,6,7) 3(1,2,3,4,5,6,7,8)  5.47937692
687. 2(2,4,5,6,7,8) 3(1,2,3,4,5,6,7)  5.47915641
688. 2(1,2,3,4,6,7,8) 3(1,2,4,5,8) 4(1) 5.47873205
689. 2(1,3,4,5,6,7,8) 3(1,2,3,5,6) 4(2) 5.47873205
690. 2(1,2,3,4,5,6,8) 3(1,3,4,5) 4(1,2) 5.47834103
691. 2(1,2,3,4,6,7,8) 3(1,2,3,5) 4(1,2) 5.47834103
692. 2(1,2,4,5,6,7) 3(1,2,3,4,5,7) 4(1) 5.47808846
693. 2(1,3,4,5,6,7) 3(1,2,3,4,5,7) 4(1) 5.47808846
694. 2(1,2,3,4,5,6,7) 3(1,2,3,5,6) 4(2) 5.47793718
695. 2(1,2,3,5,6,7,8) 3(1,2,4,5,8) 4(1) 5.47793718
696. 2(1,2,3,4,5,6,8) 3(1,2,4,5,7) 4(1) 5.47786282
697. 2(1,2,3,4,6,7,8) 3(1,2,4,5,7) 4(1) 5.47786282
698. 2(1,2,4,5,6,7,8) 3(1,2,3,5) 4(1,2) 5.47698077
699. 2(1,3,4,5,6,7,8) 3(1,3,4,5) 4(1,2) 5.47698077
700. 2(1,2,3,4,5,6,8) 3(1,2,3,4,5,7)  5.4769141
701. 2(1,2,3,4,6,7,8) 3(1,2,3,4,5,7)  5.4769141
702. 2(1,2,3,4,5,6,7) 3(1,2,5,8) 4(1,2) 5.47592821
703. 2(1,2,3,4,5,7,8) 3(1,2,5,8) 4(1,2) 5.47592821
704. 2(2,3,5,7,8) 3(1,2,3,4,5,6,7) 4(2) 5.47488205
705. 2(3,4,5,6,8) 3(1,2,3,4,5,6,7) 4(2) 5.47488205
706. 2(1,2,3,4,5,7,8) 3(1,2,3,5,7) 4(1) 5.47478846
707. 2(1,2,3,4,6,7,8) 3(1,2,3,5,7) 4(1) 5.47478846
708. 2(1,2,4,5,6,7) 3(1,2,5,7,8) 4(1,2) 5.47456154
709. 2(1,2,3,5,7,8) 3(1,2,3,5,8) 4(1,2) 5.47456154
710. 2(1,2,3,4,6,8) 3(1,2,3,5,8) 4(1,2) 5.47442692
711. 2(1,2,3,4,6,8) 3(1,2,5,7,8) 4(1,2) 5.47442692
712. 2(1,2,3,4,5,7,8) 3(1,2,3,5,6) 4(1) 5.47428205
713. 2(1,3,4,5,6,7,8) 3(1,2,4,5,8) 4(2) 5.47428205
714. 2(1,3,5,6,7,8) 3(1,2,3,5,8) 4(1,2) 5.47306667
715. 2(1,3,5,6,7,8) 3(1,2,5,7,8) 4(1,2) 5.47306667
716. 2(2,4,5,6,7,8) 3(1,2,3,5,8) 4(1,2) 5.47306667
717. 2(2,4,5,6,7,8) 3(1,2,5,7,8) 4(1,2) 5.47306667
718. 2(1,2,3,5,6,7) 3(1,2,3,5,7) 4(1,2) 5.4729641
719. 2(1,2,3,5,6,8) 3(1,2,3,5,7) 4(1,2) 5.4729641
720. 2(1,5,6,7,8) 3(1,2,3,5,6,8) 4(1,2) 5.47223846
721. 2(2,5,6,7,8) 3(1,2,4,5,7,8) 4(1,2) 5.47223846
722. 2(1,2,3,5,6,7,8) 3(1,2,4,5,7) 4(2) 5.47198846
723. 2(2,3,4,5,6,7,8) 3(1,2,4,5,7) 4(2) 5.47198846
724. 2(2,3,5,7,8) 3(1,2,3,4,5,6) 4(1,2) 5.47130513
725. 2(2,3,5,7,8) 3(1,2,3,4,5,8) 4(1,2) 5.47130513
726. 2(1,2,3,5,7) 3(1,2,3,4,5,6) 4(1,2) 5.47129231
727. 2(2,3,4,5,7) 3(1,2,3,4,5,8) 4(1,2) 5.47129231
728. 2(4,5,6,7,8) 3(1,2,3,4,5,8) 4(1,2) 5.47074744
729. 2(1,5,6,7,8) 3(1,2,3,4,5,6) 4(1,2) 5.47074744
730. 2(1,3,4,5,6,7,8) 3(1,2,3,5,8) 4(2) 5.47049744
731. 2(2,3,4,5,6,7,8) 3(1,2,5,7,8) 4(2) 5.47049744
732. 2(1,2,3,5,6,7) 3(1,2,3,4,5,6,7)  5.47047692
733. 2(1,3,4,6,7,8) 3(1,2,3,4,5,6,7)  5.47047692
734. 2(1,2,5,6,7) 3(1,2,3,4,5,6,7) 4(2) 5.47041795
735. 2(1,4,6,7,8) 3(1,2,3,4,5,6,7) 4(2) 5.47041795
736. 2(1,2,5,6,7,8) 3(1,2,3,5,7) 4(1,2) 5.47012179
737. 2(2,3,5,6,7,8) 3(1,2,3,5,7) 4(1,2) 5.47012179
738. 2(1,2,3,4,5,6,7,8) 3(1,2,3,5,8)  5.47002692
739. 2(1,2,3,4,5,6,7,8) 3(1,2,5,7,8)  5.47002692
740. 2(1,2,5,6,7) 3(1,2,3,4,5,7) 4(1,2) 5.46938462
741. 2(3,4,5,6,7) 3(1,2,3,4,5,7) 4(1,2) 5.46938462
742. 2(1,3,5,6,7) 3(1,2,3,4,5,6,7) 4(2) 5.46934615
743. 2(1,3,6,7,8) 3(1,2,3,4,5,6,7) 4(2) 5.46934615
744. 2(2,3,4,5,6,8) 3(1,2,3,5,8) 4(1,2) 5.46903846
745. 2(1,3,4,5,6,8) 3(1,2,5,7,8) 4(1,2) 5.46903846
746. 2(1,2,4,5,6,7,8) 3(1,2,3,5,8) 4(1) 5.46850641
747. 2(1,2,3,5,6,7,8) 3(1,2,5,7,8) 4(1) 5.46850641
748. 2(3,4,5,6,7) 3(1,2,3,4,5,6,7) 4(1) 5.46842692
749. 2(2,3,6,7,8) 3(1,2,3,4,5,6,7) 4(1) 5.46842692
750. 2(1,3,4,6,7,8) 3(1,2,3,4,5) 4(1,2) 5.46841923
751. 2(1,2,4,5,6,8) 3(1,2,3,4,5) 4(1,2) 5.46841923
752. 2(1,2,3,4,5,7,8) 3(1,2,4,5,8) 4(1) 5.46840769
753. 2(1,2,4,5,6,7,8) 3(1,2,3,5,6) 4(2) 5.46840769
754. 2(1,2,3,4,5,6,7,8) 3(1,2,4,5) 4(1) 5.46805385
755. 2(1,2,3,4,5,6,7,8) 3(1,2,4,5) 4(2) 5.46805385
756. 2(1,2,3,4,5,6,7,8) 3(1,2,5,8) 4(1) 5.46805385
757. 2(1,2,3,4,5,6,7,8) 3(1,2,5,8) 4(2) 5.46805385
758. 2(3,5,6,7) 3(1,2,3,4,5,6,7) 4(1,2) 5.46780641
759. 2(3,6,7,8) 3(1,2,3,4,5,6,7) 4(1,2) 5.46780641
760. 2(2,3,4,5,6,8) 3(1,2,3,4,5,7) 4(2) 5.4677
761. 2(1,2,3,6,7,8) 3(1,2,3,4,5,7) 4(2) 5.4677
762. 2(1,2,4,5,6,7,8) 3(1,2,3,5,7) 4(2) 5.46767692
763. 2(2,3,4,5,6,7,8) 3(1,2,3,5,7) 4(2) 5.46767692
764. 2(1,2,4,5,6,7,8) 3(1,2,3,4,5,8)  5.4673
765. 2(1,3,4,5,6,7,8) 3(1,2,3,4,5,6)  5.4673
766. 2(1,2,4,5,6,7,8) 3(1,2,3,4,5) 4(1) 5.46701538
767. 2(1,3,4,5,6,7,8) 3(1,2,3,4,5) 4(1) 5.46701538
768. 2(1,2,3,4,5,6,7,8) 3(1,2,7) 4(1,2) 5.46670385
769. 2(1,2,3,4,5,6,7,8) 3(1,6,7) 4(1,2) 5.46670385
770. 2(1,2,3,5,6,7) 3(1,2,3,5,6,8) 4(1) 5.46651026
771. 2(1,2,4,5,6,8) 3(1,2,3,5,6,8) 4(1) 5.46651026
772. 2(1,2,4,5,7,8) 3(1,2,4,5,7,8) 4(1) 5.46651026
773. 2(1,2,3,5,6,8) 3(1,2,4,5,7,8) 4(1) 5.46651026
774. 2(1,2,4,6,7) 3(1,2,3,4,5,6,7) 4(1) 5.46490897
775. 2(1,2,3,4,5,7) 3(1,2,5,7,8) 4(1,2) 5.46410256
776. 2(1,2,3,4,5,7) 3(1,2,3,5,8) 4(1,2) 5.46410256
777. 2(1,2,4,5,8) 3(1,2,4,5,7,8) 4(1,2) 5.46368077
778. 2(1,2,5,6,8) 3(1,2,3,5,6,8) 4(1,2) 5.46368077
779. 2(1,2,3,4,5,6) 3(1,2,3,4,5,7) 4(2) 5.46231923
780. 2(1,2,3,4,6,7) 3(1,2,3,4,5,7) 4(2) 5.46231923
781. 2(1,2,3,5,6,8) 3(1,2,4,5,8) 4(1,2) 5.46229744
782. 2(1,2,3,5,6,7) 3(1,2,3,5,6) 4(1,2) 5.46229744
783. 2(2,3,4,5,6,8) 3(1,2,3,4,5,7) 4(1) 5.46205385
784. 2(1,2,3,6,7,8) 3(1,2,3,4,5,7) 4(1) 5.46205385
785. 2(1,2,3,4,5,6,7) 3(1,2,4,5,7) 4(1) 5.46201538
786. 2(1,2,3,5,6,8) 3(1,2,3,5,6,8) 4(1) 5.46098718
787. 2(1,2,4,5,6,8) 3(1,2,4,5,7,8) 4(1) 5.46098718
788. 2(1,2,3,4,5,7,8) 3(1,2,3,4) 4(1,2) 5.46049231
789. 2(1,3,4,5,6,7,8) 3(1,2,3,8) 4(1,2) 5.46049231
790. 2(1,2,3,4,6,7,8) 3(1,2,3,5,8) 4(1) 5.46033718
791. 2(1,2,3,4,6,7,8) 3(1,2,5,7,8) 4(1) 5.46033718
792. 2(1,2,3,4,5,6) 3(1,2,3,4,5,6,7)  5.46003077
793. 2(1,2,3,4,7,8) 3(1,2,3,4,5,6,7)  5.46003077
794. 2(1,2,3,4,6,7) 3(1,2,3,5,8) 4(1,2) 5.4594641
795. 2(1,2,3,4,7,8) 3(1,2,5,7,8) 4(1,2) 5.4594641
796. 2(1,3,5,6,7,8) 3(1,2,3,5,6,7) 4(2) 5.45938718
797. 2(2,4,5,6,7) 3(1,2,3,4,5,6,7) 4(2) 5.45902179
798. 2(2,4,6,7,8) 3(1,2,3,4,5,6,7) 4(2) 5.45902179
799. 2(2,3,4,7) 3(1,2,3,4,5,6,7) 4(1,2) 5.45884231
800. 2(2,3,4,6) 3(1,2,3,4,5,6,7) 4(1,2) 5.45884231
801. 2(1,2,3,5,7,8) 3(1,2,5,7,8) 4(1,2) 5.45852692
802. 2(1,2,4,5,6,7) 3(1,2,3,5,8) 4(1,2) 5.45852692
803. 2(1,2,3,4,5,8) 3(1,2,3,4,5) 4(1,2) 5.45797308
804. 2(1,2,3,4,7,8) 3(1,2,3,4,5) 4(1,2) 5.45797308
805. 2(1,2,3,5,7,8) 3(1,2,3,4,5) 4(1,2) 5.4570359
806. 2(2,3,4,5,7,8) 3(1,2,3,4,5) 4(1,2) 5.4570359
807. 2(1,5,6,7,8) 3(1,2,4,5,7,8) 4(1,2) 5.45639103
808. 2(2,5,6,7,8) 3(1,2,3,5,6,8) 4(1,2) 5.45639103
809. 2(1,3,4,5) 3(1,2,3,4,5,6,7,8) 4(1) 5.45446026
810. 2(2,3,4,5) 3(1,2,3,4,5,6,7,8) 4(1) 5.45446026
811. 2(2,3,5,6,8) 3(1,2,3,4,5,6,7) 4(2) 5.45438333
812. 2(3,4,5,7,8) 3(1,2,3,4,5,6,7) 4(2) 5.45438333
813. 2(1,2,4,5,6,7,8) 3(1,2,5,8) 4(1,2) 5.45437051
814. 2(2,3,4,5,6,7,8) 3(1,2,4,5) 4(1,2) 5.45437051
815. 2(1,2,3,5,6,7,8) 3(1,2,4,5) 4(1,2) 5.45437051
816. 2(1,2,3,5,6,7,8) 3(1,2,5,8) 4(1,2) 5.45437051
817. 2(1,3,4,5,7,8) 3(1,2,5,7,8) 4(1,2) 5.45406282
818. 2(2,3,4,5,6,7) 3(1,2,3,5,8) 4(1,2) 5.45406282
819. 2(2,3,4,5,6,7,8) 3(1,2,3,4,5,7)  5.45399615
820. 2(1,2,3,5,6,7,8) 3(1,2,3,4,5,7)  5.45399615
821. 2(1,2,4,5,6,7) 3(1,2,3,4,5,6) 4(1) 5.4536359
822. 2(2,3,4,5,7,8) 3(1,2,3,4,5,6) 4(1) 5.4536359
823. 2(1,2,3,5,7,8) 3(1,2,3,4,5,8) 4(1) 5.4536359
824. 2(1,3,4,5,6,7) 3(1,2,3,4,5,8) 4(1) 5.4536359
825. 2(2,3,5,6,8) 3(1,2,3,4,5,7) 4(1,2) 5.45335
826. 2(2,3,6,7,8) 3(1,2,3,4,5,7) 4(1,2) 5.45335
827. 2(1,2,3,4,5,6,8) 3(1,2,3,5,6) 4(1) 5.45272436
828. 2(1,2,3,4,6,7,8) 3(1,2,3,5,6) 4(1) 5.45272436
829. 2(1,2,4,5,6,7,8) 3(1,2,4,5,8) 4(2) 5.45272436
830. 2(2,3,4,5,6,7,8) 3(1,2,4,5,8) 4(2) 5.45272436
831. 2(1,4,5,6,7,8) 3(1,2,3,4,5,7) 4(2) 5.45222436
832. 2(1,2,3,5,6,7) 3(1,2,4,5,8) 4(1,2) 5.45197308
833. 2(2,3,4,5,6,7) 3(1,2,3,5,6) 4(1,2) 5.45197308
834. 2(1,2,3,4,5,6) 3(1,2,3,5,6) 4(1,2) 5.45185128
835. 2(1,2,3,4,6,7) 3(1,2,3,5,6) 4(1,2) 5.45185128
836. 2(1,2,5,6,7,8) 3(1,2,4,5,8) 4(1,2) 5.45185128
837. 2(2,3,5,6,7,8) 3(1,2,4,5,8) 4(1,2) 5.45185128
838. 2(1,2,5,6,7) 3(1,2,3,4,5,6) 4(1,2) 5.45080641
839. 2(3,4,5,6,7) 3(1,2,3,4,5,8) 4(1,2) 5.45080641
840. 2(2,5,6,7,8) 3(1,2,3,4,5,6,7,8)  5.45052949
841. 2(1,2,3,4,5) 3(1,2,3,4,5,7) 4(1,2) 5.44983974
842. 2(1,2,3,4,7) 3(1,2,3,4,5,7) 4(1,2) 5.44983974
843. 2(1,3,5,6,7) 3(1,2,3,4,5,6) 4(1,2) 5.44973462
844. 2(2,4,5,6,7) 3(1,2,3,4,5,8) 4(1,2) 5.44973462
845. 2(2,3,4,5,7) 3(1,2,3,4,5,6,7) 4(1) 5.44886154
846. 2(2,3,4,6,8) 3(1,2,3,4,5,6,7) 4(1) 5.44886154
847. 2(1,2,3,4,5,6,8) 3(1,2,5,8) 4(1,2) 5.44884744
848. 2(2,3,6,7) 3(1,2,3,4,5,6,7) 4(1,2) 5.44880256
849. 2(3,4,6,7) 3(1,2,3,4,5,6,7) 4(1,2) 5.44880256
850. 2(1,2,3,4,5,6,7,8) 3(1,2,3,5) 4(2) 5.44874487
851. 2(1,2,3,4,5,6,7,8) 3(1,3,4,5) 4(2) 5.44874487
852. 2(2,3,5,6,7,8) 3(1,2,3,4,5,7) 4(1) 5.44824231
853. 2(1,2,3,4,5,6,7) 3(1,2,3,5,8) 4(2) 5.44814487
854. 2(1,2,3,4,5,7,8) 3(1,2,5,7,8) 4(2) 5.44814487
855. 2(1,2,3,4,5,6) 3(1,2,3,5,7) 4(1,2) 5.44803077
856. 2(2,3,5,6,7) 3(1,2,3,4,5,6,7) 4(1) 5.44792821
857. 2(3,4,6,7,8) 3(1,2,3,4,5,6,7) 4(1) 5.44792821
858. 2(1,2,3,5,6,8) 3(1,2,3,4,5,7) 4(2) 5.44720128
859. 2(2,3,4,6,7,8) 3(1,2,3,4,5,7) 4(2) 5.44720128
860. 2(1,2,3,5,6,7,8) 3(1,2,3,5,7) 4(2) 5.44611923
861. 2(1,2,3,4,5,6) 3(1,2,4,5,8) 4(1,2) 5.44496795
862. 2(2,3,5,6,7,8) 3(1,2,3,5,6) 4(1,2) 5.44496795
863. 2(1,2,3,4,5,6,7) 3(1,2,5,7,8) 4(1) 5.44448974
864. 2(1,2,3,4,5,7,8) 3(1,2,3,5,8) 4(1) 5.44448974
865. 2(1,2,3,5,6,8) 3(1,2,3,4,5,6) 4(1) 5.44346154
866. 2(1,2,4,5,6,8) 3(1,2,3,4,5,8) 4(1) 5.44346154
867. 2(1,3,4,6,7,8) 3(1,2,3,4,5,6) 4(1) 5.44346154
868. 2(2,3,4,6,7,8) 3(1,2,3,4,5,8) 4(1) 5.44346154
869. 2(1,2,3,4,5,6,7,8) 3(1,2,3,5) 4(1) 5.44309872
870. 2(1,2,3,4,5,6,7,8) 3(1,3,4,5) 4(1) 5.44309872
871. 2(1,2,3,4,5,6,8) 3(1,2,3,5,8) 4(2) 5.44262179
872. 2(1,2,3,4,5,6,8) 3(1,2,5,7,8) 4(2) 5.44262179
873. 2(1,2,3,5,6,8) 3(1,2,3,4,5,7) 4(1) 5.44155513
874. 2(2,3,4,6,7,8) 3(1,2,3,4,5,7) 4(1) 5.44155513
875. 2(1,2,3,4,5,6,8) 3(1,2,4,5,8) 4(1) 5.44132692
876. 2(1,2,3,5,6,7,8) 3(1,2,3,5,6) 4(2) 5.44132692
877. 2(3,4,5,6,7,8) 3(1,2,3,4,5,6) 4(1) 5.44118462
878. 2(1,2,5,6,7,8) 3(1,2,3,4,5,8) 4(1) 5.44118462
879. 2(1,2,3,4,6,7) 3(1,2,4,5,7,8) 4(1) 5.44101154
880. 2(1,2,3,4,7,8) 3(1,2,3,5,6,8) 4(1) 5.44101154
881. 2(1,2,3,4,5,6,8) 3(1,2,3,5) 4(1,2) 5.4409359
882. 2(1,2,3,4,6,7,8) 3(1,3,4,5) 4(1,2) 5.4409359
883. 2(1,2,3,4,6,8) 3(1,2,3,5,6,8) 4(1) 5.43993974
884. 2(1,2,3,4,6,8) 3(1,2,4,5,7,8) 4(1) 5.43993974
885. 2(1,3,4,7,8) 3(1,2,3,4,5,6,7) 4(1) 5.43975897
886. 2(1,2,3,5,6) 3(1,2,3,4,5,6,7) 4(1) 5.43975897
887. 2(2,3,4,5,6,7,8) 3(1,2,3,5) 4(1,2) 5.43957564
888. 2(1,2,3,5,6,7,8) 3(1,3,4,5) 4(1,2) 5.43957564
889. 2(1,2,3,4,5,6,7) 3(1,2,3,4,5,7)  5.43950897
890. 2(1,2,3,5,7) 3(1,2,3,4,5,8) 4(1,2) 5.43941026
891. 2(2,4,5,6,7) 3(1,2,3,4,5,6) 4(1,2) 5.43941026
892. 2(1,5,6,7,8) 3(1,2,3,4,5,8) 4(1,2) 5.43886538
893. 2(4,5,6,7,8) 3(1,2,3,4,5,6) 4(1,2) 5.43886538
894. 2(1,2,3,6,7) 3(1,2,3,4,5,7) 4(1,2) 5.43886282
895. 2(2,3,4,5,6) 3(1,2,3,4,5,7) 4(1,2) 5.43886282
896. 2(2,4,5,6,7,8) 3(1,2,3,5,6,7) 4(2) 5.43873846
897. 2(2,3,4,5,6,7) 3(1,2,3,4,5,6,7)  5.43859487
898. 2(2,3,4,6,7,8) 3(1,2,3,4,5,6,7)  5.43859487
899. 2(5,6,7,8) 3(1,2,3,4,5,6,7) 4(1,2) 5.4385359
900. 2(1,2,3,4,5,6,7) 3(1,2,4,5) 4(1,2) 5.43852308
901. 2(1,2,3,4,5,6) 3(1,2,5,7,8) 4(1,2) 5.43809359
902. 2(1,2,3,4,5,8) 3(1,2,3,5,8) 4(1,2) 5.43809359
903. 2(1,2,3,4,5,6,7) 3(1,2,3,5,7) 4(1) 5.43738333
904. 2(1,2,3,4,5,6,8) 3(1,2,3,5,7) 4(1) 5.43738333
905. 2(2,3,5,6,7,8) 3(1,2,3,4,5,6,7)  5.43711282
906. 2(3,4,5,6,7,8) 3(1,2,3,4,5,6,7)  5.43711282
907. 2(1,2,3,4,5,7) 3(1,2,3,5,6,7) 4(1) 5.43581282
908. 2(1,2,3,4,6,8) 3(1,2,3,5,6,7) 4(1) 5.43581282
909. 2(2,5,6,7,8) 3(1,2,3,4,5,7) 4(1,2) 5.43452564
910. 2(3,5,6,7,8) 3(1,2,3,4,5,7) 4(1,2) 5.43452564
911. 2(1,2,3,5) 3(1,2,3,4,5,6,7,8) 4(1) 5.43396154
912. 2(1,2,4,5) 3(1,2,3,4,5,6,7,8) 4(1) 5.43396154
913. 2(1,3,4,5,6,7,8) 3(1,2,5,7,8) 4(2) 5.43309231
914. 2(2,3,4,5,6,7,8) 3(1,2,3,5,8) 4(2) 5.43309231
915. 2(1,2,4,5,6,8) 3(1,2,3,5,8) 4(1,2) 5.43250513
916. 2(1,2,3,5,6,8) 3(1,2,5,7,8) 4(1,2) 5.43250513
917. 2(1,3,4,5,6,7) 3(1,2,3,4,5,6) 4(1) 5.43207821
918. 2(2,3,4,5,6,8) 3(1,2,3,4,5,6) 4(1) 5.43207821
919. 2(1,2,3,6,7,8) 3(1,2,3,4,5,8) 4(1) 5.43207821
920. 2(1,2,4,5,6,7) 3(1,2,3,4,5,8) 4(1) 5.43207821
921. 2(1,2,4,5,6,7,8) 3(1,2,5,7,8) 4(1) 5.43110128
922. 2(1,2,3,5,6,7,8) 3(1,2,3,5,8) 4(1) 5.43110128
923. 2(1,2,3,4,5,6,7) 3(1,2,4,5,8) 4(1) 5.43100256
924. 2(2,3,4,5,6,7,8) 3(1,2,3,5,6) 4(2) 5.43100256
925. 2(1,2,3,4) 3(1,2,3,4,5,6,7) 4(1,2) 5.43093205
926. 2(1,2,3,5,6,7,8) 3(1,2,3,4,5,6)  5.42989487
927. 2(2,3,4,5,6,7,8) 3(1,2,3,4,5,8)  5.42989487
928. 2(1,2,3,4,5,7) 3(1,2,3,5,6,8) 4(1) 5.42961538
929. 2(1,2,3,4,5,7) 3(1,2,4,5,7,8) 4(1) 5.42961538
930. 2(1,2,4,5,6) 3(1,2,3,4,5,8) 4(1,2) 5.42924872
931. 2(2,3,5,6,8) 3(1,2,3,4,5,6) 4(1,2) 5.42924872
932. 2(1,2,5,6,7,8) 3(1,2,3,5,6,7) 4(2) 5.42857692
933. 2(2,3,5,6,7,8) 3(1,2,3,5,6,7) 4(2) 5.42857692
934. 2(2,3,4,5,6) 3(1,2,3,4,5,6,7) 4(1) 5.42837564
935. 2(2,3,4,7,8) 3(1,2,3,4,5,6,7) 4(1) 5.42837564
936. 2(2,3,4,6,7) 3(1,2,3,4,5,6,7) 4(2) 5.42756667
937. 2(1,2,3,4,5,7,8) 3(1,2,3,4,5) 4(1) 5.4269641
938. 2(1,2,3,6,7,8) 3(1,2,3,4,5,6) 4(1) 5.42655513
939. 2(2,3,4,5,6,8) 3(1,2,3,4,5,8) 4(1) 5.42655513
940. 2(1,2,3,4,5,6,8) 3(1,2,3,4,5) 4(2) 5.42509615
941. 2(1,2,3,4,6,7,8) 3(1,2,3,4,5) 4(2) 5.42509615
942. 2(1,2,3,4,6,7) 3(1,2,3,5,6,8) 4(1) 5.42497692
943. 2(1,2,3,4,7,8) 3(1,2,4,5,7,8) 4(1) 5.42497692
944. 2(1,2,3,4,5,8) 3(1,2,3,4,5,6) 4(1) 5.4234859
945. 2(1,2,3,4,7,8) 3(1,2,3,4,5,8) 4(1) 5.4234859
946. 2(1,2,4,5,6,7,8) 3(1,2,3,4) 4(1,2) 5.42308718
947. 2(2,3,4,5,6,7,8) 3(1,2,3,8) 4(1,2) 5.42308718
948. 2(1,2,3,4,7,8) 3(1,2,3,4,5,7) 4(1) 5.42293974
949. 2(1,2,3,4,5,8) 3(1,2,3,4,5,7) 4(1) 5.42293974
950. 2(1,3,4,6,7) 3(1,2,3,4,5,6,7) 4(1) 5.42285256
951. 2(1,2,3,6,7) 3(1,2,3,4,5,6,7) 4(1) 5.42285256
952. 2(1,2,3,4,6,7) 3(1,2,3,4,5,6,7)  5.42262564
953. 2(1,2,3,4,5,6,7) 3(1,2,3,5,6) 4(1) 5.42084231
954. 2(1,2,3,5,6,7,8) 3(1,2,4,5,8) 4(2) 5.42084231
955. 2(1,3,4,5,6,7) 3(1,2,3,4,5) 4(1,2) 5.41963077
956. 2(1,2,4,5,6,7) 3(1,2,3,4,5) 4(1,2) 5.41963077
957. 2(1,2,3,4,6,8) 3(1,2,3,4,5) 4(1,2) 5.41949615
958. 2(1,3,5,6,7,8) 3(1,2,3,4,5,7) 4(2) 5.41927051
959. 2(2,4,5,6,7,8) 3(1,2,3,4,5,7) 4(2) 5.41927051
960. 2(2,3,4,6,7) 3(1,2,3,4,5,7) 4(1,2) 5.4183641
961. 2(1,2,3,5,6) 3(1,2,3,4,5,7) 4(1,2) 5.4183641
962. 2(1,3,5,6,7,8) 3(1,2,3,4,5) 4(1,2) 5.4181359
963. 2(2,4,5,6,7,8) 3(1,2,3,4,5) 4(1,2) 5.4181359
964. 2(2,3,4,5,6,7,8) 3(1,3,4,5) 4(1,2) 5.41801795
965. 2(1,2,3,5,6,7,8) 3(1,2,3,5) 4(1,2) 5.41801795
966. 2(1,2,4,5,6,7,8) 3(1,2,3,5,8) 4(2) 5.41705769
967. 2(1,2,3,5,6,7,8) 3(1,2,5,7,8) 4(2) 5.41705769
968. 2(2,3,6,7,8) 3(1,2,3,4,5,6,7) 4(2) 5.41697821
969. 2(3,4,5,6,7) 3(1,2,3,4,5,6,7) 4(2) 5.41697821
970. 2(1,2,4,5,6,7,8) 3(1,2,3,4,5) 4(2) 5.41556667
971. 2(1,3,4,5,6,7,8) 3(1,2,3,4,5) 4(2) 5.41556667
972. 2(1,2,3,4,5,6) 3(1,2,3,5,6,7) 4(1) 5.41532692
973. 2(1,2,3,4,5,8) 3(1,2,3,5,6,7) 4(1) 5.41532692
974. 2(1,4,5,6,7,8) 3(1,2,5,7,8) 4(1,2) 5.41517564
975. 2(2,3,5,6,7,8) 3(1,2,3,5,8) 4(1,2) 5.41517564
976. 2(1,2,3,4,5,6,7,8) 3(1,2,3,4,5)  5.41509615
977. 2(1,2,3,4,6) 3(1,2,3,4,5,7) 4(1,2) 5.41243462
978. 2(1,2,3,4,5,6,7,8) 3(1,2,3) 4(1,2) 5.41177308
979. 2(1,2,3,5,6,7) 3(1,2,3,4,5,7) 4(2) 5.40979615
980. 2(2,3,4,5,6,7) 3(1,2,3,4,5,7) 4(2) 5.40979615
981. 2(1,2,3,4,5,7) 3(1,2,3,4,5) 4(1,2) 5.40917179
982. 2(1,2,3,4,5,6,7) 3(1,2,3,5) 4(1,2) 5.40905385
983. 2(1,2,3,4,5,6,7) 3(1,3,4,5) 4(1,2) 5.40905385
984. 2(1,2,3,5,6) 3(1,2,3,4,5,6) 4(1,2) 5.40875
985. 2(1,2,5,6,8) 3(1,2,3,4,5,8) 4(1,2) 5.40875
986. 2(1,2,3,4,5,7) 3(1,2,3,4,5,7) 4(1) 5.40602051
987. 2(1,2,3,4,6,8) 3(1,2,3,4,5,7) 4(1) 5.40602051
988. 2(1,2,3,5,6,7) 3(1,2,3,4,5,7) 4(1) 5.40415
989. 2(2,3,4,5,6,7) 3(1,2,3,4,5,7) 4(1) 5.40415
990. 2(2,3,5,6,7,8) 3(1,2,3,4,5,6) 4(1) 5.40377949
991. 2(2,3,5,6,7,8) 3(1,2,3,4,5,8) 4(1) 5.40377949
992. 2(1,2,3,4,5,8) 3(1,2,3,5,6,8) 4(1) 5.40360641
993. 2(1,2,3,4,5,6) 3(1,2,4,5,7,8) 4(1) 5.40360641
994. 2(2,5,6,7,8) 3(1,2,3,4,5,6) 4(1,2) 5.40146026
995. 2(3,5,6,7,8) 3(1,2,3,4,5,8) 4(1,2) 5.40146026
996. 2(1,2,3,5,6,7) 3(1,2,3,5,8) 4(1,2) 5.40062308
997. 2(1,2,4,5,7,8) 3(1,2,5,7,8) 4(1,2) 5.40062308
998. 2(1,2,5,6,7,8) 3(1,2,3,5,8) 4(1,2) 5.39914103
999. 2(1,2,5,6,7,8) 3(1,2,5,7,8) 4(1,2) 5.39914103
1000. 2(1,2,5,6,7,8) 3(1,2,3,4,5,7) 4(2) 5.39878462
1001. 2(3,4,5,6,7,8) 3(1,2,3,4,5,7) 4(2) 5.39878462
1002. 2(2,3,4,5,6,8) 3(1,2,3,4,5) 4(1,2) 5.39807308
1003. 2(1,2,3,6,7,8) 3(1,2,3,4,5) 4(1,2) 5.39807308
1004. 2(2,3,4,5,6,7,8) 3(1,2,3,4,5,6)  5.39801282
1005. 2(1,2,3,4,5,6,7) 3(1,2,3,4,5,8)  5.39801282
1006. 2(1,2,5,6,7,8) 3(1,2,3,4,5) 4(1,2) 5.39765
1007. 2(3,4,5,6,7,8) 3(1,2,3,4,5) 4(1,2) 5.39765
1008. 2(1,2,5,6,7) 3(1,2,3,4,5,8) 4(1,2) 5.39736667
1009. 2(3,4,5,6,7) 3(1,2,3,4,5,6) 4(1,2) 5.39736667
1010. 2(2,3,5,6,7) 3(1,2,3,4,5,6,7) 4(2) 5.39647949
1011. 2(3,4,6,7,8) 3(1,2,3,4,5,6,7) 4(2) 5.39647949
1012. 2(2,3,5,6,7) 3(1,2,3,4,5,7) 4(1,2) 5.39544615
1013. 2(1,2,3,5,6,8) 3(1,2,3,5,8) 4(1,2) 5.3951
1014. 2(1,2,4,5,6,8) 3(1,2,5,7,8) 4(1,2) 5.3951
1015. 2(2,3,4,5,6) 3(1,2,3,4,5,8) 4(1,2) 5.39184359
1016. 2(2,3,6,7,8) 3(1,2,3,4,5,6) 4(1,2) 5.39184359
1017. 2(1,2,3,4,5,6,7) 3(1,2,3,5,8) 4(1) 5.39105
1018. 2(1,2,3,4,5,7,8) 3(1,2,5,7,8) 4(1) 5.39105
1019. 2(1,5,6,7,8) 3(1,2,3,4,5,6,7) 4(2) 5.38998462
1020. 2(1,2,3,4,5,6) 3(1,2,3,5,6,8) 4(1) 5.38757179
1021. 2(1,2,3,4,5,8) 3(1,2,4,5,7,8) 4(1) 5.38757179
1022. 2(1,2,3,4,5,8) 3(1,2,3,4,5,8) 4(1) 5.38608077
1023. 2(1,2,3,4,7,8) 3(1,2,3,4,5,6) 4(1) 5.38608077
1024. 2(1,2,3,4,5,6,8) 3(1,2,3,5,8) 4(1) 5.38552692
1025. 2(1,2,3,4,5,6,8) 3(1,2,5,7,8) 4(1) 5.38552692
1026. 2(1,2,3,4,6,8) 3(1,2,3,4,5,6) 4(1) 5.38500897
1027. 2(1,2,3,4,6,8) 3(1,2,3,4,5,8) 4(1) 5.38500897
1028. 2(1,2,3,4,5,6) 3(1,2,3,5,8) 4(1,2) 5.38465385
1029. 2(1,2,3,4,5,8) 3(1,2,5,7,8) 4(1,2) 5.38465385
1030. 2(1,2,3,4,5,6,7,8) 3(1,2,3,4) 4(1) 5.38333077
1031. 2(1,2,3,4,5,6,7,8) 3(1,2,3,8) 4(1) 5.38333077
1032. 2(2,5,6,7,8) 3(1,2,3,4,5,8) 4(1,2) 5.37990256
1033. 2(3,5,6,7,8) 3(1,2,3,4,5,6) 4(1,2) 5.37990256
1034. 2(1,2,4,5,6,7,8) 3(1,2,5,7,8) 4(2) 5.37965256
1035. 2(1,2,3,5,6,7,8) 3(1,2,3,5,8) 4(2) 5.37965256
1036. 2(2,3,4,6,7,8) 3(1,2,3,4,5) 4(1,2) 5.37757436
1037. 2(1,2,3,5,6,8) 3(1,2,3,4,5) 4(1,2) 5.37757436
1038. 2(1,2,3,5,6,7,8) 3(1,2,3,4,5) 4(1) 5.37617051
1039. 2(2,3,4,5,6,7,8) 3(1,2,3,4,5) 4(1) 5.37617051
1040. 2(1,2,3,4,5,7) 3(1,2,3,4,5,6) 4(1) 5.37468462
1041. 2(1,2,3,4,5,7) 3(1,2,3,4,5,8) 4(1) 5.37468462
1042. 2(1,2,3,5,6,7) 3(1,2,3,4,5,6) 4(1) 5.37417436
1043. 2(2,3,4,6,7,8) 3(1,2,3,4,5,6) 4(1) 5.37417436
1044. 2(1,2,3,5,6,8) 3(1,2,3,4,5,8) 4(1) 5.37417436
1045. 2(2,3,4,5,6,7) 3(1,2,3,4,5,8) 4(1) 5.37417436
1046. 2(1,2,3,4,5) 3(1,2,3,4,5,6,7) 4(1) 5.37086026
1047. 2(1,2,3,4,8) 3(1,2,3,4,5,6,7) 4(1) 5.37086026
1048. 2(2,3,4,6,7) 3(1,2,3,4,5,6,7) 4(1) 5.37047179
1049. 2(1,2,4,5,6,7,8) 3(1,2,3,8) 4(1,2) 5.36964744
1050. 2(2,3,4,5,6,7,8) 3(1,2,3,4) 4(1,2) 5.36964744
1051. 2(1,2,3,4,5,6,8) 3(1,2,3,4,5) 4(1) 5.36800128
1052. 2(1,2,3,4,6,7,8) 3(1,2,3,4,5) 4(1) 5.36800128
1053. 2(2,5,6,7,8) 3(1,2,3,4,5,6,7) 4(2) 5.35810256
1054. 2(4,5,6,7,8) 3(1,2,3,4,5,6,7) 4(2) 5.35810256
1055. 2(1,2,3,4,5,6,7) 3(1,2,3,4,5) 4(2) 5.35580897
1056. 2(1,2,3,4,5,6) 3(1,2,3,4,5,7) 4(1) 5.34812949
1057. 2(1,2,3,4,6,7) 3(1,2,3,4,5,7) 4(1) 5.34812949
1058. 2(2,3,5,6,7,8) 3(1,2,3,4,5,7) 4(2) 5.34534487
1059. 2(2,3,4,5,6,7) 3(1,2,3,4,5,6) 4(1) 5.34229231
1060. 2(1,2,3,5,6,7) 3(1,2,3,4,5,8) 4(1) 5.34229231
1061. 2(2,3,5,6,7) 3(1,2,3,4,5,6) 4(1,2) 5.33946282
1062. 2(2,3,5,6,7) 3(1,2,3,4,5,8) 4(1,2) 5.33946282
1063. 2(3,5,6,7,8) 3(1,2,3,4,5,6,7) 4(2) 5.33654487
1064. 2(1,2,3,4,6) 3(1,2,3,4,5,6,7) 4(1) 5.33345513
1065. 2(1,2,3,4,7) 3(1,2,3,4,5,6,7) 4(1) 5.33345513
1066. 2(1,2,3,4,5,6) 3(1,2,3,4,5,6) 4(1) 5.33264103
1067. 2(1,2,3,4,6,7) 3(1,2,3,4,5,8) 4(1) 5.33264103
1068. 2(1,2,3,4,5,6,7) 3(1,2,3,4) 4(1,2) 5.33224231
1069. 2(1,2,3,5,6,7,8) 3(1,2,3,8) 4(1,2) 5.33224231
1070. 2(1,2,3,4,5,6) 3(1,2,3,4,5) 4(1,2) 5.32972308
1071. 2(1,2,3,4,6,7) 3(1,2,3,4,5) 4(1,2) 5.32972308
1072. 2(2,3,4,5,6,7,8) 3(1,2,3,4,5) 4(2) 5.32472179
1073. 2(1,2,3,5,6,7,8) 3(1,2,3,4,5) 4(2) 5.32472179
1074. 2(1,2,3,5,6,7) 3(1,2,3,4,5) 4(1,2) 5.30828718
1075. 2(2,3,4,5,6,7) 3(1,2,3,4,5) 4(1,2) 5.30828718
1076. 2(2,3,5,6,7,8) 3(1,2,3,4,5) 4(1,2) 5.30680513
1077. 2(1,2,3,4) 3(1,2,3,4,5,6,7,8) 4(1) 5.30567692
1078. 2(1,2,3,4,5,6,7) 3(1,2,3,4,5) 4(1) 5.2987141
1079. 2(1,2,3,4,5,6) 3(1,2,3,4,5,8) 4(1) 5.2952359
1080. 2(1,2,3,4,6,7) 3(1,2,3,4,5,6) 4(1) 5.2952359
