1. 3(1,5) 4(1,2) 6.4561
2. 3(1,3,5,7)  6.3846
3. 2(6) 3(1,6) 4(1) 6.37695
4. 2(8) 3(1,4) 4(1) 6.37695
5. 3(1,4) 4(1,2) 6.35651667
6. 3(1,6) 4(1,2) 6.35651667
7. 2(4) 3(1,3) 4(2) 6.3108
8. 2(3,6) 3(1,6)  6.28563333
9. 2(4,8) 3(1,4)  6.28563333
10. 2(4,7) 3(1,3)  6.27816667
11. 2(4,8) 3(1,3)  6.27816667
12. 2(8) 3(1,3,5)  6.26975
13. 2(3,4) 3(1) 4(2) 6.26823333
14. 2(6) 3(1,5) 4(1) 6.25496667
15. 3(1,3,6) 4(2) 6.23548333
16. 2(2) 3(1,5) 4(2) 6.21183333
17. 2(3) 3(1,5) 4(2) 6.21183333
18. 2(1,3,5,7)  6.20576667
19. 2(2,4,5,7)  6.20576667
20. 3(1,3,6) 4(1) 6.19878333
21. 2(7) 3(1) 4(1,2) 6.17665
22. 2(7) 3(1,4) 4(1) 6.17093333
23. 2(7) 3(1,6) 4(1) 6.17093333
24. 2(1,6) 3(1,5)  6.16543333
25. 2(2,8) 3(1,5)  6.16543333
26. 2(7) 3(1,3,6)  6.15648333
27. 2(8) 3(1,3,6)  6.15648333
28. 2(7) 3(1,3) 4(1) 6.14791667
29. 2(8) 3(1,3) 4(1) 6.14791667
30. 3(1,2,5,7)  6.14635
31. 3(1,3,5,8)  6.14635
32. 2(6,7) 3(1) 4(1) 6.14205
33. 2(7,8) 3(1) 4(1) 6.14205
34. 2(1,7) 3(1,4)  6.14008333
35. 2(2,7) 3(1,6)  6.14008333
36. 2(3,5) 3(1,6)  6.13765
37. 2(4,5) 3(1,4)  6.13765
38. 2(4) 3(1,3,6)  6.1329
39. 2(3,7) 3(1,8)  6.13203333
40. 2(4,7) 3(1,2)  6.13203333
41. 2(6,8) 3(1) 4(1) 6.12811667
42. 2(5) 3(1,5) 4(1) 6.12075
43. 3(1,2,5,6)  6.10726667
44. 3(1,4,5,8)  6.10726667
45. 2(3,7,8) 3(1)  6.09888333
46. 2(4,6,7) 3(1)  6.09888333
47. 2(3,6,8) 3(1)  6.08495
48. 2(4,6,8) 3(1)  6.08495
49. 3(1,3,5) 4(2) 6.08405
50. 2(3) 3(1) 4(1,2) 6.08126667
51. 2(4) 3(1) 4(1,2) 6.08126667
52. 2(3,7) 3(1,6)  6.07961667
53. 2(4,7) 3(1,4)  6.07961667
54. 3(1,3) 4(1,2) 6.0688
55. 2(1,6) 3(1,6)  6.06585
56. 2(2,8) 3(1,4)  6.06585
57. 2(1,3,7) 3(1)  6.0638
58. 2(2,4,7) 3(1)  6.0638
59. 2(1) 3(1,3,6)  6.0611
60. 2(3) 3(1,3,6)  6.0611
61. 2(1,7) 3(1,3)  6.05838333
62. 2(3,8) 3(1,3)  6.05838333
63. 2(1) 3(1,3,5)  6.05783333
64. 2(4) 3(1,3,5)  6.05783333
65. 2(1,3) 3(1) 4(2) 6.04828333
66. 2(2,4) 3(1) 4(2) 6.04828333
67. 3(1,2,4,7)  6.04676667
68. 3(1,3,6,8)  6.04676667
69. 2(4,5,6) 4(1) 6.03781667
70. 2(2,5,7) 4(1) 6.03765
71. 2(3,5,7) 4(1) 6.03765
72. 2(8) 3(1,2,5)  6.0357
73. 2(8) 3(1,4,5)  6.0357
74. 2(3,5) 3(1,5)  6.03121667
75. 2(4,5) 3(1,5)  6.03121667
76. 2(3,5) 4(1,2) 6.02426667
77. 2(4,5) 4(1,2) 6.02426667
78. 2(3,4,7) 3(1)  6.01726667
79. 2(1) 3(1,4,5)  6.01455
80. 2(4) 3(1,2,5)  6.01455
81. 2(3,4,6) 3(1)  6.0035
82. 2(3,4,8) 3(1)  6.0035
83. 2(5,7) 3(1) 4(1) 5.9939
84. 2(3,7) 3(1) 4(2) 5.97875
85. 2(4,7) 3(1) 4(2) 5.97875
86. 3(1,3,5) 4(1) 5.97395
87. 2(3,8) 3(1) 4(2) 5.96498333
88. 2(4,6) 3(1) 4(2) 5.96498333
89. 2(5) 3(1,4) 4(1) 5.96248333
90. 2(5) 3(1,6) 4(1) 5.96248333
91. 2(6,8) 3(1,5)  5.96113333
92. 2(3,5,7) 3(1)  5.95073333
93. 2(4,5,7) 3(1)  5.95073333
94. 2(5) 3(1,3,6)  5.94803333
95. 2(6) 3(1,3,6)  5.94803333
96. 2(7) 3(1,2) 4(1) 5.9431
97. 2(7) 3(1,8) 4(1) 5.9431
98. 2(3,7) 3(1) 4(1) 5.94205
99. 2(4,7) 3(1) 4(1) 5.94205
100. 2(1,4,5,6)  5.93961667
101. 2(2,3,5,8)  5.93961667
102. 2(1,2,5,7)  5.93945
103. 2(2,3,5,7)  5.93945
104. 2(6) 3(1,6,7)  5.92865
105. 2(7) 3(1,2,7)  5.92865
106. 2(3,8) 3(1) 4(1) 5.92828333
107. 2(4,6) 3(1) 4(1) 5.92828333
108. 3(1,2,5) 4(2) 5.90868333
109. 3(1,4,5) 4(2) 5.90868333
110. 2(5) 3(1,4,5)  5.90148333
111. 2(7) 3(1,2,5)  5.90148333
112. 2(2,6) 3(1,5)  5.89895
113. 2(3,6) 3(1,5)  5.89895
114. 2(6) 3(1) 4(1,2) 5.8964
115. 2(8) 3(1) 4(1,2) 5.8964
116. 2(6) 3(1,4) 4(1) 5.89068333
117. 2(8) 3(1,6) 4(1) 5.89068333
118. 2(1,6,7) 3(1)  5.8791
119. 2(2,7,8) 3(1)  5.8791
120. 3(1,2,5) 4(1) 5.87198333
121. 3(1,4,5) 4(1) 5.87198333
122. 2(7,8) 3(1,3)  5.86801667
123. 2(1,7) 3(1,6)  5.85983333
124. 2(2,7) 3(1,4)  5.85983333
125. 2(3,4,5) 3(1)  5.85551667
126. 2(5) 3(1,3,5)  5.85528333
127. 2(7) 3(1,3,5)  5.85528333
128. 2(2) 3(1,3,6)  5.85508333
129. 2(3,7) 3(1,2)  5.85178333
130. 2(4,7) 3(1,8)  5.85178333
131. 2(4,5) 3(1,3)  5.84993333
132. 2(4,6) 3(1,3)  5.84993333
133. 2(3,8) 3(1,2)  5.83801667
134. 2(4,6) 3(1,8)  5.83801667
135. 2(5,6,7) 4(1) 5.83536667
136. 2(3) 3(1,2,7)  5.83326667
137. 2(3) 3(1,6,7)  5.83326667
138. 2(3,6,7) 3(1)  5.8324
139. 2(4,7,8) 3(1)  5.8324
140. 2(1) 3(1,3) 4(2) 5.82453333
141. 2(3) 3(1,3) 4(2) 5.82453333
142. 2(1,4,7) 3(1)  5.79748333
143. 2(2,3,7) 3(1)  5.79748333
144. 2(1,8) 3(1,3)  5.7919
145. 2(3,7) 3(1,3)  5.7919
146. 2(1,4,6) 3(1)  5.78371667
147. 2(2,3,8) 3(1)  5.78371667
148. 2(2,4,6) 3(1)  5.78355
149. 2(2,4,8) 3(1)  5.78355
150. 2(1,3,6) 3(1)  5.78355
151. 2(1,3,8) 3(1)  5.78355
152. 2(1,4) 3(1) 4(2) 5.78196667
153. 2(2,3) 3(1) 4(2) 5.78196667
154. 2(2,5,8) 4(1) 5.77133333
155. 2(4,5,8) 4(1) 5.77133333
156. 2(1,5) 3(1,5)  5.76473333
157. 2(2,5) 3(1,5)  5.76473333
158. 2(1,7) 3(1) 4(2) 5.75896667
159. 2(2,7) 3(1) 4(2) 5.75896667
160. 2(6,7) 3(1,6)  5.75895
161. 2(7,8) 3(1,4)  5.75895
162. 2(1,5) 4(1,2) 5.75778333
163. 2(2,5) 4(1,2) 5.75778333
164. 2(6,8) 3(1,6)  5.74501667
165. 2(2,4) 3(1,4)  5.74501667
166. 2(1) 3(1,2,5)  5.7343
167. 2(2) 3(1,4,5)  5.7343
168. 2(3) 3(1,2,5)  5.7343
169. 2(4) 3(1,4,5)  5.7343
170. 2(1,3) 3(1,5)  5.72806667
171. 2(2,4) 3(1,5)  5.72806667
172. 2(3,5) 3(1,4)  5.72318333
173. 2(4,5) 3(1,6)  5.72318333
174. 2(1,7) 3(1) 4(1) 5.72226667
175. 2(2,7) 3(1) 4(1) 5.72226667
176. 3(1,2,4,5)  5.71996667
177. 3(1,2,5,8)  5.71996667
178. 2(5,7) 4(1,2) 5.70343333
179. 2(3,6) 3(1) 4(2) 5.6985
180. 2(4,8) 3(1) 4(2) 5.6985
181. 2(5,7) 3(1,5)  5.6927
182. 2(3) 3(1,6) 4(1) 5.67141667
183. 2(4) 3(1,4) 4(1) 5.67141667
184. 2(3,5,8) 3(1)  5.67065
185. 2(4,5,6) 3(1)  5.67065
186. 2(1,5) 3(1,4)  5.66515
187. 2(2,5) 3(1,6)  5.66515
188. 2(6) 3(1,8) 4(1) 5.66285
189. 2(8) 3(1,2) 4(1) 5.66285
190. 2(3,6) 3(1) 4(1) 5.6618
191. 2(4,8) 3(1) 4(1) 5.6618
192. 3(1,2) 4(1,2) 5.64241667
193. 3(1,8) 4(1,2) 5.64241667
194. 2(1,7) 3(1,2)  5.632
195. 2(2,7) 3(1,8)  5.632
196. 2(2) 3(1,6,7)  5.62725
197. 2(4) 3(1,2,7)  5.62725
198. 2(6) 3(1,5) 4(2) 5.62283333
199. 2(1,5,6,7)  5.61878333
200. 2(2,5,7,8)  5.61878333
201. 2(1,7,8) 3(1)  5.61261667
202. 2(2,6,7) 3(1)  5.61261667
203. 2(5,7) 3(1,4)  5.6108
204. 2(5,7) 3(1,6)  5.6108
205. 2(1,6,8) 3(1)  5.59868333
206. 2(2,6,8) 3(1)  5.59868333
207. 2(1) 3(1) 4(1,2) 5.595
208. 2(2) 3(1) 4(1,2) 5.595
209. 2(1,2,7) 3(1)  5.5777
210. 2(6) 3(1,3,5)  5.57503333
211. 2(2,7) 3(1,3)  5.57211667
212. 2(2,8) 3(1,3)  5.57211667
213. 2(2) 3(1,3,5)  5.57156667
214. 2(3) 3(1,3,5)  5.57156667
215. 2(1,4) 3(1,3)  5.56071667
216. 2(3,4) 3(1,3)  5.56071667
217. 2(5,6) 3(1,5)  5.5606
218. 2(5,8) 3(1,5)  5.5606
219. 2(3,5) 3(1) 4(2) 5.55051667
220. 2(4,5) 3(1) 4(2) 5.55051667
221. 2(5,6) 3(1,6)  5.5505
222. 2(5,8) 3(1,4)  5.5505
223. 2(6) 3(1,2,5)  5.54943333
224. 2(6) 3(1,4,5)  5.54943333
225. 2(4) 3(1,3) 4(1) 5.53186667
226. 2(6,7) 3(1,8)  5.53111667
227. 2(7,8) 3(1,2)  5.53111667
228. 3(1,2,7) 4(2) 5.52138333
229. 3(1,6,7) 4(2) 5.52138333
230. 2(7) 3(1,3) 4(2) 5.51578333
231. 2(8) 3(1,3) 4(2) 5.51578333
232. 2(3,5) 3(1) 4(1) 5.51381667
233. 2(4,5) 3(1) 4(1) 5.51381667
234. 2(2,5,6) 4(1) 5.50485
235. 2(5) 3(1,5) 4(2) 5.48861667
236. 3(1,2,7) 4(1) 5.48468333
237. 3(1,6,7) 4(1) 5.48468333
238. 2(5) 3(1) 4(1,2) 5.48193333
239. 2(1,6) 3(1) 4(2) 5.47871667
240. 2(2,8) 3(1) 4(2) 5.47871667
241. 2(1) 3(1,4) 4(1) 5.4654
242. 2(2) 3(1,6) 4(1) 5.4654
243. 2(1,5,7) 3(1)  5.46446667
244. 2(2,5,7) 3(1)  5.46446667
245. 2(2,3) 3(1,5)  5.46175
246. 2(1,2) 3(1,5)  5.46175
247. 2(5) 3(1,3) 4(1) 5.4532
248. 2(6) 3(1,3) 4(1) 5.4532
249. 2(5,6) 3(1) 4(1) 5.44733333
250. 2(5,8) 3(1) 4(1) 5.44733333
251. 2(7) 3(1,6,7)  5.44238333
252. 2(6) 3(1,2,7)  5.44238333
253. 2(1,6) 3(1) 4(1) 5.44201667
254. 2(2,8) 3(1) 4(1) 5.44201667
255. 2(5,7) 3(1,3)  5.43961667
256. 2(6,8) 3(1,3)  5.43961667
257. 2(5,6) 4(1,2) 5.43711667
258. 2(2) 3(1,5) 4(1) 5.4329
259. 2(3) 3(1,5) 4(1) 5.4329
260. 3(1,2,3,5)  5.43225
261. 3(1,3,4,5)  5.43225
262. 2(5) 3(1,2,5)  5.41521667
263. 2(7) 3(1,4,5)  5.41521667
264. 2(1,2,5,6)  5.40665
265. 2(2,3,5,6)  5.40665
266. 2(3,5,6) 3(1)  5.40416667
267. 2(4,5,8) 3(1)  5.40416667
268. 2(4) 3(1,2,3)  5.39941667
269. 2(1,5) 3(1,6)  5.3849
270. 2(2,5) 3(1,4)  5.3849
271. 2(1,3,5) 3(1)  5.36908333
272. 2(2,4,5) 3(1)  5.36908333
273. 2(1,6) 3(1,3)  5.36366667
274. 2(3,5) 3(1,3)  5.36366667
275. 2(2,5,6,7)  5.3523
276. 2(3,5,6,7)  5.3523
277. 2(1,3) 3(1,3)  5.34076667
278. 2(2,4) 3(1,3)  5.34076667
279. 2(2) 3(1,3) 4(2) 5.33826667
280. 2(3,4,5) 4(1) 5.33228333
281. 2(1,3,5) 4(1) 5.33211667
282. 2(2,4,5) 4(1) 5.33211667
283. 2(3) 3(1,4,5)  5.31983333
284. 2(2) 3(1,2,5)  5.31983333
285. 2(1,8) 3(1,6)  5.3131
286. 2(2,6) 3(1,4)  5.3131
287. 2(1,2) 3(1) 4(2) 5.2957
288. 2(6,7) 3(1,4)  5.27268333
289. 2(7,8) 3(1,6)  5.27268333
290. 2(6,7,8) 3(1)  5.27251667
291. 2(3) 3(1,4) 4(1) 5.25695
292. 2(4) 3(1,6) 4(1) 5.25695
293. 2(1,4,8) 3(1)  5.25075
294. 2(2,3,6) 3(1)  5.25075
295. 2(3) 3(1,8) 4(1) 5.23756667
296. 2(4) 3(1,2) 4(1) 5.23756667
297. 2(5) 3(1,6,7)  5.23393333
298. 2(8) 3(1,2,7)  5.23393333
299. 2(3,5) 3(1,8)  5.21753333
300. 2(4,5) 3(1,2)  5.21753333
301. 2(7) 3(1,2,3)  5.21455
302. 2(8) 3(1,2,3)  5.21455
303. 2(1,8) 3(1) 4(2) 5.21223333
304. 2(2,6) 3(1) 4(2) 5.21223333
305. 2(1) 3(1,6) 4(1) 5.18515
306. 2(2) 3(1,4) 4(1) 5.18515
307. 2(6) 3(1,2) 4(1) 5.17658333
308. 2(8) 3(1,8) 4(1) 5.17658333
309. 2(1,8) 3(1) 4(1) 5.17553333
310. 2(2,6) 3(1) 4(1) 5.17553333
311. 2(5,8) 3(1,3)  5.1733
312. 2(6,7) 3(1,3)  5.1733
313. 2(2,3,5) 3(1)  5.10276667
314. 2(1,4,5) 3(1)  5.10276667
315. 2(3,6) 3(1,3)  5.09718333
316. 2(1,5) 3(1,3)  5.09718333
317. 2(2,6) 3(1,8)  5.08526667
318. 2(3,6) 3(1,2)  5.08526667
319. 2(1,4,5) 4(1) 5.0658
320. 2(2,3,5) 4(1) 5.0658
321. 2(5,6) 3(1,4)  5.06423333
322. 2(5,8) 3(1,6)  5.06423333
323. 2(1,3,4) 3(1)  5.0606
324. 2(2,3,4) 3(1)  5.0606
325. 2(1) 3(1,3) 4(1) 5.0456
326. 2(3) 3(1,3) 4(1) 5.0456
327. 2(6,7) 3(1,2)  5.04485
328. 2(7,8) 3(1,8)  5.04485
329. 2(1,2,6) 3(1)  5.03096667
330. 2(1,2,8) 3(1)  5.03096667
331. 2(2,4) 3(1,8)  5.03091667
332. 2(6,8) 3(1,2)  5.03091667
333. 2(3) 3(1,2) 4(1) 4.95731667
334. 2(4) 3(1,8) 4(1) 4.95731667
335. 2(3,5) 3(1,2)  4.93728333
336. 2(4,5) 3(1,8)  4.93728333
337. 2(4) 3(1,6,7)  4.93253333
338. 2(2) 3(1,2,7)  4.93253333
339. 2(1,5,6) 3(1)  4.9179
340. 2(2,5,8) 3(1)  4.9179
341. 2(5,7) 3(1,2)  4.8967
342. 2(5,7) 3(1,8)  4.8967
343. 2(1,6) 3(1,2)  4.86548333
344. 2(2,8) 3(1,8)  4.86548333
345. 2(1) 3(1,6,7)  4.86073333
346. 2(1) 3(1,2,7)  4.86073333
347. 2(5,6,7) 3(1)  4.85805
348. 2(5,7,8) 3(1)  4.85805
349. 2(6) 3(1,3) 4(2) 4.82106667
350. 2(5) 3(1,3) 4(2) 4.82106667
351. 2(3,4) 3(1) 4(1) 4.82046667
352. 3(1,2,3) 4(2) 4.80728333
353. 2(1,2,5) 4(1) 4.79931667
354. 2(1,5) 3(1) 4(2) 4.79776667
355. 2(2,5) 3(1) 4(2) 4.79776667
356. 3(1,2,3) 4(1) 4.77058333
357. 2(6,7) 3(1) 4(2) 4.76768333
358. 2(7,8) 3(1) 4(2) 4.76768333
359. 2(5) 3(1,2) 4(1) 4.76211667
360. 2(5) 3(1,8) 4(1) 4.76211667
361. 2(1,5) 3(1) 4(1) 4.76106667
362. 2(2,5) 3(1) 4(1) 4.76106667
363. 2(6,8) 3(1) 4(2) 4.75375
364. 2(8) 3(1,6,7)  4.74766667
365. 2(5) 3(1,2,7)  4.74766667
366. 2(1,5,8) 3(1)  4.65141667
367. 2(2,5,6) 3(1)  4.65141667
368. 2(1) 3(1,2,3)  4.6329
369. 2(3) 3(1,2,3)  4.6329
370. 2(5,7) 3(1) 4(2) 4.61953333
371. 3(1,2,3,4)  4.61856667
372. 3(1,2,3,8)  4.61856667
373. 2(2,5) 3(1,3)  4.61091667
374. 2(2,6) 3(1,3)  4.61091667
375. 2(1,3) 3(1) 4(1) 4.60051667
376. 2(2,4) 3(1) 4(1) 4.60051667
377. 2(2,3) 3(1,3)  4.58818333
378. 2(1,2) 3(1,3)  4.58818333
379. 2(5,6,8) 3(1)  4.5778
380. 2(1,2,3) 3(1)  4.57433333
381. 2(1,2,4) 3(1)  4.57433333
382. 2(2) 3(1,3) 4(1) 4.55933333
383. 2(5,6) 3(1,3)  4.47858333
384. 2(1) 3(1,2) 4(1) 4.47105
385. 2(2) 3(1,8) 4(1) 4.47105
386. 2(5,6,7,8)  4.39013333
387. 2(5,6) 3(1,8)  4.35013333
388. 2(5,8) 3(1,2)  4.35013333
389. 2(1,2,5) 3(1)  4.35001667
390. 2(1,4) 3(1) 4(1) 4.3342
391. 2(2,3) 3(1) 4(1) 4.3342
392. 2(1,5) 3(1,2)  4.18453333
393. 2(2,5) 3(1,8)  4.18453333
394. 2(5,6) 3(1) 4(2) 4.07296667
395. 2(5,8) 3(1) 4(2) 4.07296667
396. 2(1) 3(1,8) 4(1) 4.05658333
397. 2(2) 3(1,2) 4(1) 4.05658333
398. 2(6) 3(1,2,3)  4.03356667
399. 2(5) 3(1,2,3)  4.03356667
400. 2(5,6) 3(1,2)  3.86386667
401. 2(5,8) 3(1,8)  3.86386667
402. 2(1,2) 3(1) 4(1) 3.84793333
403. 2(1,5) 3(1,8)  3.77006667
404. 2(2,5) 3(1,2)  3.77006667
405. 2(2) 3(1,2,3)  3.73216667
406. 2(2,3,4) 4(1) 3.71876667
