1. 2(1,2,3,5,7,8) 3(1,2,3,4,5,6,7,8) 4(1,2) 5.51873833
2. 2(1,2,4,5,6,7) 3(1,2,3,4,5,6,7,8) 4(1,2) 5.51873833
3. 2(1,2,4,5,6,7,8) 3(1,2,3,4,5,6,7) 4(1,2) 5.5057475
4. 2(1,2,3,5,6,7) 3(1,2,3,4,5,6,7,8) 4(1,2) 5.50541417
5. 2(2,3,4,5,6,7) 3(1,2,3,4,5,6,7,8) 4(1,2) 5.50541417
6. 2(2,4,5,6,7,8) 3(1,2,3,4,5,6,7,8) 4(1,2) 5.50269667
7. 2(1,2,3,4,5,6,8) 3(1,2,3,4,5,6,7) 4(1,2) 5.50097833
8. 2(1,2,3,4,5,7,8) 3(1,2,3,4,5,6,7) 4(1,2) 5.50097833
9. 2(1,2,3,4,5,6,7,8) 3(1,2,3,5,6,7) 4(1,2) 5.49911
10. 2(2,3,4,5,6,7,8) 3(1,2,3,4,5,6,7,8) 4(1) 5.4976175
11. 2(1,2,3,4,5,6,7,8) 3(1,2,3,5,6,8) 4(1,2) 5.49413083
12. 2(1,2,3,4,5,6,7,8) 3(1,2,4,5,7,8) 4(1,2) 5.49413083
13. 2(1,2,3,5,6,7,8) 3(1,2,3,4,5,6,7) 4(1,2) 5.491735
14. 2(1,3,4,5,6,7,8) 3(1,2,3,4,5,6,7) 4(1,2) 5.491735
15. 2(2,3,5,6,7,8) 3(1,2,3,4,5,6,7,8) 4(1,2) 5.48938083
16. 2(1,2,3,4,5,6,7,8) 3(1,2,3,4,5,6,7,8)  5.48423333
17. 2(1,2,3,4,5,6,7,8) 3(1,2,3,4,5,7) 4(1,2) 5.479745
18. 2(1,2,3,4,5,6,7) 3(1,2,3,4,5,6,7) 4(1,2) 5.476665
19. 2(1,2,3,4,6,7,8) 3(1,2,3,4,5,6,7) 4(1,2) 5.476665
20. 2(1,2,3,4,5,6,7,8) 3(1,2,3,4,5,6,7) 4(2) 5.47302167
21. 2(1,2,3,4,5,6,7,8) 3(1,2,3,4,5,6,7) 4(1) 5.47118667
22. 2(2,3,4,5,6,7,8) 3(1,2,3,4,5,6,7) 4(1,2) 5.47101167
23. 2(1,2,3,4,5,6,7) 3(1,2,3,4,5,6,7,8) 4(1) 5.46234083
24. 2(1,2,3,4,5,6,7,8) 3(1,2,3,4,5,6) 4(1,2) 5.45842583
25. 2(1,2,3,4,5,6,7,8) 3(1,2,3,4,5,8) 4(1,2) 5.45842583
