1. 3(1,3,6)  6.76086667
2. 2(7) 3(1) 4(1) 6.7066
3. 2(5,7) 4(1) 6.6722
4. 2(3) 3(1) 4(2) 6.58923333
5. 2(4) 3(1) 4(2) 6.58923333
6. 2(3,7) 3(1)  6.587
7. 2(4,7) 3(1)  6.587
8. 2(3,8) 3(1)  6.55946667
9. 2(4,6) 3(1)  6.55946667
10. 2(4) 3(1,4)  6.54476667
11. 2(6) 3(1,6)  6.54476667
12. 3(1,5) 4(2) 6.50026667
13. 3(1) 4(1,2) 6.48533333
14. 3(1,3,5)  6.3846
15. 2(6) 3(1,5)  6.3742
16. 3(1,5) 4(1) 6.35346667
17. 2(4) 3(1,3)  6.33906667
18. 3(1,4) 4(1) 6.2277
19. 3(1,6) 4(1) 6.2277
20. 2(4,5,6)  6.2061
21. 2(2,5,7)  6.20576667
22. 2(3,5,7)  6.20576667
23. 2(7) 3(1,3)  6.1601
24. 2(8) 3(1,3)  6.1601
25. 2(1,7) 3(1)  6.14743333
26. 2(2,7) 3(1)  6.14743333
27. 2(6) 3(1) 4(1) 6.1461
28. 2(8) 3(1) 4(1) 6.1461
29. 2(5) 4(1,2) 6.14573333
30. 2(2) 3(1,5)  6.14113333
31. 2(3) 3(1,5)  6.14113333
32. 2(5,6) 4(1) 6.13956667
33. 2(7) 3(1,4)  6.13273333
34. 2(7) 3(1,6)  6.13273333
35. 3(1,2,5)  6.10726667
36. 3(1,4,5)  6.10726667
37. 2(5) 3(1,5)  6.10576667
38. 2(3,6) 3(1)  6.0265
39. 2(4,8) 3(1)  6.0265
40. 2(3,5) 4(1) 5.9028
41. 2(4,5) 4(1) 5.9028
42. 2(3,4) 3(1)  5.7549
43. 2(3,5) 3(1)  5.73053333
44. 2(4,5) 3(1)  5.73053333
45. 3(1,3) 4(2) 5.72566667
46. 2(5) 3(1,4)  5.71583333
47. 2(5) 3(1,6)  5.71583333
48. 2(7) 3(1,2)  5.67706667
49. 2(7) 3(1,8)  5.67706667
50. 2(4,5,8)  5.67313333
51. 2(2,5,8)  5.67313333
52. 2(1) 3(1) 4(2) 5.6167
53. 2(2) 3(1) 4(2) 5.6167
54. 2(1,6) 3(1)  5.58693333
55. 2(2,8) 3(1)  5.58693333
56. 3(1,3) 4(1) 5.57886667
57. 2(6,7) 3(1)  5.57593333
58. 2(7,8) 3(1)  5.57593333
59. 2(2) 3(1,4)  5.57223333
60. 2(8) 3(1,6)  5.57223333
61. 2(6,8) 3(1)  5.54806667
62. 2(1,5) 4(1) 5.36983333
63. 2(2,5) 4(1) 5.36983333
64. 2(7) 3(1) 4(2) 5.36893333
65. 2(1) 3(1,3)  5.36653333
66. 2(3) 3(1,3)  5.36653333
67. 3(1,6,7)  5.33266667
68. 3(1,2,7)  5.33266667
69. 2(5) 3(1) 4(1) 5.31716667
70. 2(1,3) 3(1)  5.315
71. 2(2,4) 3(1)  5.315
72. 2(5,7) 3(1)  5.27963333
73. 2(2,5,6)  5.14016667
74. 2(4) 3(1,8)  5.11656667
75. 2(8) 3(1,2)  5.11656667
76. 2(3) 3(1) 4(1) 5.10476667
77. 2(4) 3(1) 4(1) 5.10476667
78. 2(1,8) 3(1)  5.05396667
79. 2(2,6) 3(1)  5.05396667
80. 2(6) 3(1) 4(2) 4.80843333
81. 2(8) 3(1) 4(2) 4.80843333
82. 3(1,2) 4(1) 4.7995
83. 3(1,8) 4(1) 4.7995
84. 2(1,4) 3(1)  4.78236667
85. 2(2,3) 3(1)  4.78236667
86. 2(5) 3(1,3)  4.77066667
87. 2(6) 3(1,3)  4.77066667
88. 2(2) 3(1,3)  4.394
89. 2(5,6,7)  4.39013333
90. 2(1,5) 3(1)  4.22503333
91. 2(2,5) 3(1)  4.22503333
92. 2(5,6) 3(1)  4.1865
93. 2(5,8) 3(1)  4.1865
94. 2(2) 3(1,8)  4.14403333
95. 2(6) 3(1,2)  4.14403333
96. 2(1) 3(1) 4(1) 4.13223333
97. 2(2) 3(1) 4(1) 4.13223333
98. 2(5) 3(1) 4(2) 3.9795
99. 3(1,2,3)  3.90446667
100. 2(2,4) 4(1) 3.85006667
101. 2(1,2) 3(1)  3.80983333
102. 2(2,3) 4(1) 3.31743333
103. 2(5) 3(1,2)  3.3151
104. 2(5) 3(1,8)  3.3151
