1. 3(1,3,6) 4(1,2) 6.24322
2. 2(8) 3(1,3,5) 4(1) 6.1589
3. 2(6,8) 3(1,5) 4(1) 6.14546
4. 3(1,3,5,7) 4(2) 6.14416
5. 3(1,3,5) 4(1,2) 6.13034
6. 2(4) 3(1,3,6) 4(2) 6.12083
7. 2(7) 3(1,3,6) 4(1) 6.11296
8. 2(8) 3(1,3,6) 4(1) 6.11296
9. 2(4) 3(1,3,5) 4(2) 6.09781
10. 2(1) 3(1,3,5) 4(2) 6.09781
11. 2(7,8) 3(1,3) 4(1) 6.08959
12. 2(1) 3(1,3,6) 4(2) 6.07775
13. 2(3) 3(1,3,6) 4(2) 6.07775
14. 2(4) 3(1,4) 4(1,2) 6.07651
15. 2(6) 3(1,6) 4(1,2) 6.07651
16. 2(1,8) 3(1,3,5)  6.05932
17. 2(4,8) 3(1,3,5)  6.05932
18. 3(1,3,5,7) 4(1) 6.05608
19. 2(1) 3(1,4,5) 4(2) 6.04982
20. 2(4) 3(1,2,5) 4(2) 6.04982
21. 2(1,3) 3(1,5) 4(2) 6.04966
22. 2(2,4) 3(1,5) 4(2) 6.04966
23. 3(1,2,5) 4(1,2) 6.04714
24. 3(1,4,5) 4(1,2) 6.04714
25. 2(6,7) 3(1,6) 4(1) 6.04617
26. 2(7,8) 3(1,4) 4(1) 6.04617
27. 2(8) 3(1,2,5) 4(1) 6.04049
28. 2(8) 3(1,4,5) 4(1) 6.04049
29. 2(1,7) 3(1,3,6)  6.04033
30. 2(3,8) 3(1,3,6)  6.04033
31. 2(6,8) 3(1,4) 4(1) 6.03781
32. 2(6,8) 3(1,6) 4(1) 6.03781
33. 2(3,6) 3(1,6,7)  6.0355
34. 2(3,7) 3(1,2,7)  6.0355
35. 2(6) 3(1,5) 4(1,2) 6.02534
36. 2(3,4,6,8) 3(1)  6.02327
37. 3(1,2,4,5,7)  6.02124
38. 2(4,7,8) 3(1,3)  6.01783
39. 2(4) 3(1,3) 4(1,2) 6.0148
40. 2(2,4,8) 3(1,4)  5.993
41. 2(3,6,8) 3(1,6)  5.993
42. 2(5) 3(1,3,5,7)  5.98799
43. 2(5) 3(1,3,6) 4(1) 5.98789
44. 2(6) 3(1,3,6) 4(1) 5.98789
45. 2(3,7) 3(1) 4(1,2) 5.9873
46. 2(4,7) 3(1) 4(1,2) 5.9873
47. 2(5,7) 3(1,5) 4(1) 5.9844
48. 3(1,2,5,7) 4(2) 5.97919
49. 3(1,3,5,8) 4(2) 5.97919
50. 2(3,8) 3(1) 4(1,2) 5.97904
51. 2(4,6) 3(1) 4(1,2) 5.97904
52. 2(1,3,7) 3(1) 4(2) 5.97749
53. 2(2,4,7) 3(1) 4(2) 5.97749
54. 2(3,7,8) 3(1) 4(1) 5.97652
55. 2(4,6,7) 3(1) 4(1) 5.97652
56. 2(6) 3(1,6,7) 4(1) 5.97626
57. 2(7) 3(1,2,7) 4(1) 5.97626
58. 2(1,8) 3(1,4,5)  5.97612
59. 2(4,8) 3(1,2,5)  5.97612
60. 2(1,7) 3(1,3,5)  5.97053
61. 2(4,5) 3(1,3,5)  5.97053
62. 2(3,6,8) 3(1) 4(1) 5.96816
63. 2(4,6,8) 3(1) 4(1) 5.96816
64. 2(3,8) 3(1,2,5)  5.96786
65. 2(2,8) 3(1,4,5)  5.96786
66. 2(3) 3(1,2,5,7)  5.96657
67. 2(4) 3(1,3,5,8)  5.96657
68. 2(7) 3(1,2,4,7)  5.96405
69. 2(7) 3(1,3,6,8)  5.96405
70. 2(7) 3(1,3) 4(1,2) 5.96111
71. 2(8) 3(1,3) 4(1,2) 5.96111
72. 2(5) 3(1,4,5) 4(1) 5.95996
73. 2(7) 3(1,2,5) 4(1) 5.95996
74. 2(4,5) 3(1,3,6)  5.95834
75. 2(4,6) 3(1,3,6)  5.95834
76. 2(5,7) 3(1,4) 4(1) 5.95728
77. 2(5,7) 3(1,6) 4(1) 5.95728
78. 2(4,7) 3(1,3) 4(2) 5.9564
79. 2(4,8) 3(1,3) 4(2) 5.9564
80. 2(7) 3(1,2,5,7)  5.95596
81. 2(7) 3(1,3,5,8)  5.95596
82. 2(3) 3(1,5) 4(1,2) 5.95542
83. 2(2) 3(1,5) 4(1,2) 5.95542
84. 2(2) 3(1,3,6) 4(2) 5.95414
85. 2(7) 3(1,4) 4(1,2) 5.9529
86. 2(7) 3(1,6) 4(1,2) 5.9529
87. 2(3,4,7) 3(1) 4(2) 5.94957
88. 2(1,4) 3(1,3) 4(2) 5.94925
89. 2(3,4) 3(1,3) 4(2) 5.94925
90. 2(5) 3(1,5) 4(1,2) 5.94481
91. 2(3,4,5,7) 3(1)  5.94274
92. 2(2,6,8) 3(1,5)  5.94183
93. 2(3,6,8) 3(1,5)  5.94183
94. 2(3,4,6) 3(1) 4(2) 5.94131
95. 2(3,4,8) 3(1) 4(2) 5.94131
96. 2(3) 3(1,2,7) 4(2) 5.94105
97. 2(3) 3(1,6,7) 4(2) 5.94105
98. 2(1,4,7) 3(1,3)  5.93965
99. 2(3,4,8) 3(1,3)  5.93965
100. 2(4,8) 3(1,4) 4(1) 5.93886
101. 2(3,6) 3(1,6) 4(1) 5.93886
102. 3(1,2,5,7) 4(1) 5.93515
103. 3(1,3,5,8) 4(1) 5.93515
104. 3(1,2,5,6) 4(1) 5.93372
105. 3(1,4,5,8) 4(1) 5.93372
106. 2(2) 3(1,3,5,7)  5.92868
107. 2(2,8) 3(1,3,5)  5.92745
108. 2(3,8) 3(1,3,5)  5.92745
109. 2(4,7) 3(1,3,6)  5.92352
110. 2(4,8) 3(1,3,6)  5.92352
111. 2(5,6) 3(1,6) 4(1) 5.9211
112. 2(5,8) 3(1,4) 4(1) 5.9211
113. 2(4,5,7) 3(1,3)  5.92068
114. 2(4,6,8) 3(1,3)  5.92068
115. 2(2,7) 3(1,3,6)  5.91672
116. 2(2,8) 3(1,3,6)  5.91672
117. 2(1,6) 3(1,3,6)  5.91526
118. 2(3,5) 3(1,3,6)  5.91526
119. 2(6) 3(1,2,5,7)  5.91288
120. 2(8) 3(1,3,5,8)  5.91288
121. 2(3,5,7) 3(1,6)  5.91247
122. 2(4,5,7) 3(1,4)  5.91247
123. 2(4,7) 3(1,3) 4(1) 5.91236
124. 2(4,8) 3(1,3) 4(1) 5.91236
125. 2(2,6) 3(1,6,7)  5.91189
126. 2(4,7) 3(1,2,7)  5.91189
127. 2(5) 3(1,3,5) 4(1) 5.91022
128. 2(7) 3(1,3,5) 4(1) 5.91022
129. 2(6,7) 3(1,8) 4(1) 5.90947
130. 2(7,8) 3(1,2) 4(1) 5.90947
131. 3(1,2,3,5,7)  5.90836
132. 2(5,6) 3(1,5) 4(1) 5.90514
133. 2(5,8) 3(1,5) 4(1) 5.90514
134. 2(6,7,8) 3(1) 4(1) 5.90402
135. 2(1,4,6,7) 3(1)  5.89976
136. 2(2,3,7,8) 3(1)  5.89976
137. 2(1,3,6,7) 3(1)  5.89966
138. 2(1,3,7,8) 3(1)  5.89966
139. 2(2,4,6,7) 3(1)  5.89966
140. 2(2,4,7,8) 3(1)  5.89966
141. 3(1,2,4,7) 4(1) 5.89742
142. 3(1,3,6,8) 4(1) 5.89742
143. 2(1,5) 3(1,4,5)  5.89559
144. 2(4,7) 3(1,2,5)  5.89559
145. 2(8) 3(1,2,4,5)  5.89158
146. 2(1,3,6,8) 3(1)  5.8913
147. 2(2,4,6,8) 3(1)  5.8913
148. 2(1,2) 3(1,5) 4(2) 5.88987
149. 2(2,3) 3(1,5) 4(2) 5.88987
150. 2(1,6) 3(1,5) 4(2) 5.88876
151. 2(2,8) 3(1,5) 4(2) 5.88876
152. 2(3,5,7) 3(1) 4(1) 5.88763
153. 2(4,5,7) 3(1) 4(1) 5.88763
154. 2(1,7) 3(1,2,5)  5.88733
155. 2(4,5) 3(1,4,5)  5.88733
156. 2(1,7,8) 3(1,3)  5.88596
157. 2(3,7,8) 3(1,3)  5.88596
158. 2(1) 3(1,2,5) 4(2) 5.88167
159. 2(2) 3(1,4,5) 4(2) 5.88167
160. 2(3) 3(1,2,5) 4(2) 5.88167
161. 2(4) 3(1,4,5) 4(2) 5.88167
162. 2(1,8) 3(1,3,6)  5.88044
163. 2(3,7) 3(1,3,6)  5.88044
164. 2(1,4,7) 3(1,4)  5.87775
165. 2(2,6,7) 3(1,6)  5.87775
166. 2(3,5,6) 3(1,6)  5.87629
167. 2(4,5,8) 3(1,4)  5.87629
168. 2(3,4,7) 3(1,8)  5.87292
169. 2(4,7,8) 3(1,2)  5.87292
170. 2(2,3,8) 3(1,5)  5.87201
171. 2(1,3,6) 3(1,5)  5.87191
172. 2(2,4,6) 3(1,5)  5.87191
173. 2(3,4,6,7) 3(1)  5.87174
174. 2(3,4,7,8) 3(1)  5.87174
175. 2(1,6,7) 3(1,6)  5.86949
176. 2(2,7,8) 3(1,4)  5.86949
177. 2(1,3,7) 3(1,6)  5.86939
178. 2(2,4,7) 3(1,4)  5.86939
179. 2(3,7,8) 3(1,2)  5.86466
180. 2(4,6,7) 3(1,8)  5.86466
181. 2(3,5,8) 3(1,5)  5.8614
182. 2(4,5,6) 3(1,5)  5.8614
183. 2(1,5,6,7) 4(1) 5.86019
184. 2(2,5,7,8) 4(1) 5.86019
185. 2(1,7) 3(1) 4(1,2) 5.85543
186. 2(2,7) 3(1) 4(1,2) 5.85543
187. 2(3,4,5) 3(1) 4(2) 5.85252
188. 2(1,7) 3(1,4) 4(1) 5.85153
189. 2(2,7) 3(1,6) 4(1) 5.85153
190. 2(3,5) 3(1,6) 4(1) 5.85007
191. 2(3,8) 3(1,4) 4(1) 5.85007
192. 2(4,5) 3(1,4) 4(1) 5.85007
193. 2(4,6) 3(1,6) 4(1) 5.85007
194. 2(3,7) 3(1,8) 4(1) 5.8467
195. 2(4,7) 3(1,2) 4(1) 5.8467
196. 2(1,6) 3(1,5) 4(1) 5.84472
197. 2(2,8) 3(1,5) 4(1) 5.84472
198. 2(1,6,7) 3(1) 4(1) 5.84465
199. 2(2,7,8) 3(1) 4(1) 5.84465
200. 2(1,6) 3(1,4,5)  5.84425
201. 2(4,6) 3(1,2,5)  5.84425
202. 2(3) 3(1,3,5,8)  5.84296
203. 2(4) 3(1,2,5,7)  5.84296
204. 2(3,6,7) 3(1,6)  5.84147
205. 2(4,7,8) 3(1,4)  5.84147
206. 2(4) 3(1,3,6,8)  5.83898
207. 2(8) 3(1,2,4,7)  5.83898
208. 2(6,8) 3(1,3) 4(1) 5.83255
209. 2(5,7) 3(1,3) 4(1) 5.83255
210. 2(2) 3(1,4,5,8)  5.8322
211. 2(6) 3(1,2,5,6)  5.8322
212. 2(5) 3(1,4) 4(1,2) 5.82783
213. 2(5) 3(1,6) 4(1,2) 5.82783
214. 3(1,2,4,5,8)  5.82516
215. 3(1,2,3,5,6)  5.82516
216. 2(1,7) 3(1,3) 4(2) 5.82453
217. 2(3,8) 3(1,3) 4(2) 5.82453
218. 2(3,6) 3(1) 4(1,2) 5.81915
219. 2(4,8) 3(1) 4(1,2) 5.81915
220. 2(1,4,7) 3(1) 4(2) 5.8177
221. 2(2,3,7) 3(1) 4(2) 5.8177
222. 2(2) 3(1,6,7) 4(2) 5.81744
223. 2(4) 3(1,2,7) 4(2) 5.81744
224. 2(1,3) 3(1,3) 4(2) 5.81728
225. 2(2,4) 3(1,3) 4(2) 5.81728
226. 2(3,6,7) 3(1) 4(1) 5.81663
227. 2(4,7,8) 3(1) 4(1) 5.81663
228. 2(7) 3(1,2) 4(1,2) 5.8162
229. 2(7) 3(1,8) 4(1,2) 5.8162
230. 2(1,8) 3(1,4) 4(1) 5.81525
231. 2(2,6) 3(1,6) 4(1) 5.81525
232. 2(3,7) 3(1,6) 4(1) 5.81525
233. 2(4,7) 3(1,4) 4(1) 5.81525
234. 3(1,2,7) 4(1,2) 5.81476
235. 3(1,6,7) 4(1,2) 5.81476
236. 2(2,3,5,7,8)  5.81125
237. 2(1,2,3,5,7)  5.81115
238. 2(2,4,5,6,7)  5.81115
239. 2(7) 3(1,2,5,8)  5.81105
240. 2(1,3,5,7) 3(1)  5.81077
241. 2(2,4,5,7) 3(1)  5.81077
242. 2(1,5) 3(1,3,5)  5.81064
243. 2(4,7) 3(1,3,5)  5.81064
244. 2(1,4,6) 3(1) 4(2) 5.80944
245. 2(2,3,8) 3(1) 4(2) 5.80944
246. 2(2,4,6) 3(1) 4(2) 5.80934
247. 2(2,4,8) 3(1) 4(2) 5.80934
248. 2(1,3,6) 3(1) 4(2) 5.80934
249. 2(1,3,8) 3(1) 4(2) 5.80934
250. 2(3,5) 3(1,5) 4(2) 5.80823
251. 2(4,5) 3(1,5) 4(2) 5.80823
252. 2(1,8) 3(1,2,5)  5.80797
253. 2(4,8) 3(1,4,5)  5.80797
254. 2(1,3,7) 3(1,3)  5.80768
255. 2(1,3,8) 3(1,3)  5.80768
256. 2(2,4,7) 3(1,3)  5.80768
257. 2(2,4,8) 3(1,3)  5.80768
258. 2(1,6) 3(1,6) 4(1) 5.80699
259. 2(2,8) 3(1,4) 4(1) 5.80699
260. 2(3,8) 3(1,6) 4(1) 5.80699
261. 2(4,6) 3(1,4) 4(1) 5.80699
262. 2(3) 3(1,3,5) 4(2) 5.80605
263. 2(2) 3(1,3,5) 4(2) 5.80605
264. 2(1,6) 3(1,3,5)  5.80238
265. 2(4,6) 3(1,3,5)  5.80238
266. 2(8) 3(1,3,5) 4(2) 5.80164
267. 2(1,3,4) 3(1) 4(2) 5.79889
268. 2(2,3,4) 3(1) 4(2) 5.79889
269. 2(3,4,5) 3(1,5)  5.79148
270. 2(1,3,5) 3(1,5)  5.79138
271. 2(2,4,5) 3(1,5)  5.79138
272. 2(1,3) 3(1,3,6)  5.7906
273. 2(1,3,5,7) 4(1) 5.78906
274. 2(2,4,5,7) 4(1) 5.78906
275. 2(1,5,7) 3(1,4)  5.78886
276. 2(2,5,7) 3(1,6)  5.78886
277. 2(6) 3(1,3,5,8)  5.78781
278. 2(8) 3(1,2,5,7)  5.78781
279. 2(3,4,5) 3(1,4)  5.7875
280. 2(4,5,6) 3(1,6)  5.7875
281. 2(2) 3(1,4) 4(1,2) 5.78475
282. 2(8) 3(1,6) 4(1,2) 5.78475
283. 2(2,5,7) 3(1,5)  5.78077
284. 2(3,5,7) 3(1,5)  5.78077
285. 2(1,7) 3(1,3) 4(1) 5.78049
286. 2(3,8) 3(1,3) 4(1) 5.78049
287. 2(2,7) 3(1,6,7)  5.78002
288. 2(4,6) 3(1,2,7)  5.78002
289. 2(5,7) 3(1,3,6)  5.77999
290. 2(6,8) 3(1,3,6)  5.77999
291. 2(1,4,8) 3(1,3)  5.77976
292. 2(3,4,7) 3(1,3)  5.77976
293. 2(3,5) 3(1,6,7)  5.77856
294. 2(3,8) 3(1,2,7)  5.77856
295. 2(8) 3(1,2,3,5)  5.77618
296. 2(8) 3(1,3,4,5)  5.77618
297. 2(4,7) 3(1,2,3)  5.77519
298. 2(4,8) 3(1,2,3)  5.77519
299. 2(3,4,5,6) 3(1)  5.77469
300. 2(3,4,5,8) 3(1)  5.77469
301. 2(4,5,6) 4(1,2) 5.77115
302. 2(2,5,7) 4(1,2) 5.77105
303. 2(3,5,7) 4(1,2) 5.77105
304. 2(1) 3(1,2,4,5)  5.76797
305. 2(3) 3(1,2,5,8)  5.76797
306. 2(4) 3(1,2,4,5)  5.76797
307. 2(4) 3(1,2,5,8)  5.76797
308. 2(3,5) 3(1,5) 4(1) 5.76419
309. 2(4,5) 3(1,5) 4(1) 5.76419
310. 2(1,7) 3(1,4,5)  5.76372
311. 2(4,5) 3(1,2,5)  5.76372
312. 2(4,5,8) 3(1,3)  5.76089
313. 2(4,6,7) 3(1,3)  5.76089
314. 2(1,5) 3(1,3,6)  5.75537
315. 2(3,6) 3(1,3,6)  5.75537
316. 2(6,7) 3(1,4) 4(1) 5.75441
317. 2(7,8) 3(1,6) 4(1) 5.75441
318. 2(2,7,8) 3(1,3)  5.75409
319. 2(1,4,5) 3(1,4)  5.75268
320. 2(2,3,5) 3(1,6)  5.75268
321. 2(5) 3(1,2,5,6)  5.75167
322. 2(5) 3(1,4,5,8)  5.75167
323. 2(6) 3(1,2,5) 4(1) 5.74873
324. 2(6) 3(1,4,5) 4(1) 5.74873
325. 2(1,2,7) 3(1,4)  5.74588
326. 2(2,7,8) 3(1,6)  5.74588
327. 2(5,8) 3(1,3,5)  5.74539
328. 2(7,8) 3(1,3,5)  5.74539
329. 2(7,8) 3(1,3,6)  5.74527
330. 2(3,5,8) 3(1,6)  5.74442
331. 2(4,5,6) 3(1,4)  5.74442
332. 2(1,3,5) 3(1,6)  5.74432
333. 2(2,4,5) 3(1,4)  5.74432
334. 2(3,6) 3(1,2,7)  5.74374
335. 2(3,7) 3(1,6,7)  5.74374
336. 2(6) 3(1,3,5) 4(1) 5.74207
337. 2(2,3,7) 3(1,8)  5.74105
338. 2(4,6,7) 3(1,2)  5.74105
339. 2(1,4) 3(1,3,5)  5.73977
340. 2(3,4) 3(1) 4(1,2) 5.73767
341. 2(6,8) 3(1,3,5)  5.73703
342. 2(1,3,7) 3(1,2)  5.73269
343. 2(2,4,7) 3(1,8)  5.73269
344. 2(1,4,6,8) 3(1)  5.73151
345. 2(2,3,6,8) 3(1)  5.73151
346. 2(3,5) 3(1) 4(1,2) 5.73036
347. 2(4,5) 3(1) 4(1,2) 5.73036
348. 2(3,6) 3(1,5) 4(2) 5.72887
349. 2(2,6) 3(1,5) 4(2) 5.72887
350. 2(3,6,7,8) 3(1)  5.72821
351. 2(4,6,7,8) 3(1)  5.72821
352. 2(2,5) 3(1,4,5)  5.72744
353. 2(3,7) 3(1,2,5)  5.72744
354. 2(1) 3(1,3) 4(1,2) 5.72304
355. 2(3) 3(1,3) 4(1,2) 5.72304
356. 2(3,5,8) 3(1) 4(1) 5.71958
357. 2(4,5,6) 3(1) 4(1) 5.71958
358. 2(3,8) 3(1,4,5)  5.71918
359. 2(2,8) 3(1,2,5)  5.71918
360. 2(1) 3(1,3,5,8)  5.71789
361. 2(2) 3(1,2,5,7)  5.71789
362. 2(5,8) 3(1,4,5)  5.71588
363. 2(7,8) 3(1,2,5)  5.71588
364. 2(1,2,6) 3(1,5)  5.71212
365. 2(1,2,8) 3(1,5)  5.71212
366. 2(7) 3(1,3,6) 4(2) 5.71166
367. 2(8) 3(1,3,6) 4(2) 5.71166
368. 2(2,4) 3(1,3,6)  5.71007
369. 2(3,7,8) 3(1,6)  5.7096
370. 2(4,6,7) 3(1,4)  5.7096
371. 2(4) 3(1,2,3,5)  5.70626
372. 2(1) 3(1,3,4,5)  5.70626
373. 2(1,5,6) 3(1,5)  5.70151
374. 2(2,5,8) 3(1,5)  5.70151
375. 2(3,5,6) 3(1,5)  5.70151
376. 2(4,5,8) 3(1,5)  5.70151
377. 3(1,2,4,5) 4(1) 5.70134
378. 3(1,2,5,8) 4(1) 5.70134
379. 3(1,2,5,8) 4(2) 5.70134
380. 3(1,2,4,5) 4(2) 5.70134
381. 2(1,6,8) 3(1,6)  5.70124
382. 2(2,4,6) 3(1,4)  5.70124
383. 2(2,5,6,7) 4(1) 5.7003
384. 2(3,5,6,7) 4(1) 5.7003
385. 2(4,5) 3(1,3) 4(2) 5.69946
386. 2(4,6) 3(1,3) 4(2) 5.69946
387. 2(1,6) 3(1) 4(1,2) 5.68728
388. 2(2,8) 3(1) 4(1,2) 5.68728
389. 2(1,2,7) 3(1) 4(2) 5.68583
390. 2(2,6) 3(1,5) 4(1) 5.68483
391. 2(3,6) 3(1,5) 4(1) 5.68483
392. 2(1,7,8) 3(1) 4(1) 5.68476
393. 2(2,6,7) 3(1) 4(1) 5.68476
394. 2(6) 3(1,2,7) 4(1) 5.6845
395. 2(7) 3(1,6,7) 4(1) 5.6845
396. 2(6,7) 3(1) 4(1,2) 5.68398
397. 2(7,8) 3(1) 4(1,2) 5.68398
398. 2(1,6) 3(1,4) 4(1) 5.68338
399. 2(1,7) 3(1,6) 4(1) 5.68338
400. 2(2,7) 3(1,4) 4(1) 5.68338
401. 2(2,8) 3(1,6) 4(1) 5.68338
402. 2(1,4,6) 3(1,3)  5.68271
403. 2(3,4,5) 3(1,3)  5.68271
404. 2(4) 3(1,2,3) 4(2) 5.68074
405. 2(2,7) 3(1,3,5)  5.67877
406. 2(3,5) 3(1,3,5)  5.67877
407. 2(3,6) 3(1,8) 4(1) 5.67855
408. 2(3,7) 3(1,2) 4(1) 5.67855
409. 2(4,7) 3(1,8) 4(1) 5.67855
410. 2(4,8) 3(1,2) 4(1) 5.67855
411. 2(1,6,8) 3(1) 4(1) 5.6764
412. 2(2,6,8) 3(1) 4(1) 5.6764
413. 2(1,6) 3(1,2,5)  5.6761
414. 2(4,6) 3(1,4,5)  5.6761
415. 2(6,8) 3(1) 4(1,2) 5.67562
416. 2(4) 3(1,3,6) 4(1) 5.67549
417. 2(1) 3(1,2,5,7)  5.67481
418. 2(2) 3(1,3,5,8)  5.67481
419. 2(1,4) 3(1,3,6)  5.67389
420. 2(3,4) 3(1,3,6)  5.67389
421. 2(5,8) 3(1,3) 4(1) 5.67276
422. 2(6,7) 3(1,3) 4(1) 5.67276
423. 2(2) 3(1,3,6,8)  5.67229
424. 2(6) 3(1,2,4,7)  5.67229
425. 2(3,8) 3(1,2) 4(1) 5.67029
426. 2(4,6) 3(1,8) 4(1) 5.67029
427. 2(5) 3(1,2,5) 4(1) 5.6682
428. 2(7) 3(1,4,5) 4(1) 5.6682
429. 2(1,8) 3(1,3) 4(2) 5.66464
430. 2(3,7) 3(1,3) 4(2) 5.66464
431. 2(6,8) 3(1,2,5)  5.66444
432. 2(6,8) 3(1,4,5)  5.66444
433. 2(5) 3(1,2,5,7)  5.6642
434. 2(5) 3(1,3,5,8)  5.6642
435. 2(3,5,7) 3(1,4)  5.66379
436. 2(4,5,7) 3(1,6)  5.66379
437. 2(2,3) 3(1,6,7)  5.66226
438. 2(3,4) 3(1,2,7)  5.66226
439. 2(1,3,4,7) 3(1)  5.65829
440. 2(2,3,4,7) 3(1)  5.65829
441. 2(5,7) 3(1,3,5)  5.6565
442. 2(4,5) 3(1,3) 4(1) 5.65542
443. 2(4,6) 3(1,3) 4(1) 5.65542
444. 2(5,6,7) 3(1) 4(1) 5.65534
445. 2(5,7,8) 3(1) 4(1) 5.65534
446. 2(4,6) 3(1,6,7)  5.65495
447. 2(2,7) 3(1,2,7)  5.65495
448. 2(3,5,7) 3(1,8)  5.65216
449. 2(4,5,7) 3(1,2)  5.65216
450. 2(1,2,5,6,7)  5.65136
451. 2(1,2,5,7,8)  5.65136
452. 2(1,4,5,7) 3(1)  5.65098
453. 2(2,3,5,7) 3(1)  5.65098
454. 2(1,3,4,6) 3(1)  5.65003
455. 2(2,3,4,8) 3(1)  5.65003
456. 2(1,5) 3(1,5) 4(2) 5.64834
457. 2(2,5) 3(1,5) 4(2) 5.64834
458. 2(4) 3(1,8) 4(1,2) 5.64805
459. 2(8) 3(1,2) 4(1,2) 5.64805
460. 2(3,5,7,8) 3(1)  5.63942
461. 2(4,5,6,7) 3(1)  5.63942
462. 2(8) 3(1,2,5) 4(2) 5.63919
463. 2(8) 3(1,4,5) 4(2) 5.63919
464. 2(2,7) 3(1,2,5)  5.63865
465. 2(3,5) 3(1,4,5)  5.63865
466. 2(2) 3(1,2,5) 4(2) 5.63299
467. 2(3) 3(1,4,5) 4(2) 5.63299
468. 2(1) 3(1,3,6) 4(1) 5.63241
469. 2(3) 3(1,3,6) 4(1) 5.63241
470. 2(2,5) 3(1,3,6)  5.63176
471. 2(2,6) 3(1,3,6)  5.63176
472. 2(1,4,5) 3(1,5)  5.63159
473. 2(2,3,5) 3(1,5)  5.63159
474. 2(1,4,5,6) 4(1) 5.62937
475. 2(2,3,5,8) 4(1) 5.62937
476. 2(5,6) 3(1,4) 4(1) 5.62934
477. 2(5,8) 3(1,6) 4(1) 5.62934
478. 2(1,2,5,7) 4(1) 5.62927
479. 2(2,3,5,7) 4(1) 5.62927
480. 2(2,4,5,6) 4(1) 5.62927
481. 2(2,4,5,8) 4(1) 5.62927
482. 2(1,6,7) 3(1,3)  5.62902
483. 2(3,5,8) 3(1,3)  5.62902
484. 2(3,6,8) 3(1,3)  5.62892
485. 2(1,5,7) 3(1,3)  5.62892
486. 2(1,6,8) 3(1,3)  5.62892
487. 2(3,5,7) 3(1,3)  5.62892
488. 2(1,5,7) 3(1,6)  5.62071
489. 2(2,5,7) 3(1,4)  5.62071
490. 2(1,8) 3(1,3) 4(1) 5.6206
491. 2(3,7) 3(1,3) 4(1) 5.6206
492. 2(5,8) 3(1,3,6)  5.6202
493. 2(6,7) 3(1,3,6)  5.6202
494. 2(6,7) 3(1,2) 4(1) 5.61771
495. 2(7,8) 3(1,8) 4(1) 5.61771
496. 2(1,6) 3(1,6,7)  5.61187
497. 2(1,7) 3(1,2,7)  5.61187
498. 2(2,5,8) 4(1,2) 5.61126
499. 2(4,5,8) 4(1,2) 5.61126
500. 2(6,8) 3(1,2) 4(1) 5.60935
501. 2(6,8) 3(1,8) 4(1) 5.60935
502. 2(6,7) 3(1,2,7)  5.60857
503. 2(6,7) 3(1,6,7)  5.60857
504. 2(1) 3(1,3,5) 4(1) 5.60843
505. 2(4) 3(1,3,5) 4(1) 5.60843
506. 2(1,2,6,7) 3(1)  5.608
507. 2(1,2,7,8) 3(1)  5.608
508. 2(1,3) 3(1,3,5)  5.6078
509. 2(2,4) 3(1,3,5)  5.6078
510. 2(1,3) 3(1) 4(1,2) 5.6057
511. 2(2,4) 3(1) 4(1,2) 5.6057
512. 2(1) 3(1,4,5) 4(1) 5.60448
513. 2(4) 3(1,2,5) 4(1) 5.60448
514. 2(1,5) 3(1,5) 4(1) 5.6043
515. 2(2,5) 3(1,5) 4(1) 5.6043
516. 2(1,2) 3(1,4,5)  5.60288
517. 2(1,4) 3(1,2,5)  5.60288
518. 2(1,4) 3(1,4,5)  5.60288
519. 2(3,4) 3(1,2,5)  5.60288
520. 2(3,5) 3(1,4) 4(1) 5.60139
521. 2(4,5) 3(1,6) 4(1) 5.60139
522. 2(6) 3(1,2,5,8)  5.59982
523. 2(8) 3(1,2,5,8)  5.59982
524. 2(1,6,7,8) 3(1)  5.59634
525. 2(2,6,7,8) 3(1)  5.59634
526. 2(1,5,7) 3(1) 4(1) 5.59587
527. 2(2,5,7) 3(1) 4(1) 5.59587
528. 2(2,7) 3(1,4,5)  5.59557
529. 2(3,5) 3(1,2,5)  5.59557
530. 2(5,7) 3(1) 4(1,2) 5.59509
531. 2(1,3) 3(1,2,5)  5.59452
532. 2(2,4) 3(1,4,5)  5.59452
533. 2(1,5,8) 3(1,4)  5.59279
534. 2(2,5,6) 3(1,6)  5.59279
535. 3(1,2,3,5,8)  5.59278
536. 3(1,2,5,7,8)  5.59278
537. 2(5) 3(1,3,6) 4(2) 5.58659
538. 2(6) 3(1,3,6) 4(2) 5.58659
539. 2(1,5,6) 3(1,6)  5.58453
540. 2(2,5,8) 3(1,4)  5.58453
541. 2(1,4,7,8) 3(1)  5.57998
542. 2(2,3,6,7) 3(1)  5.57998
543. 2(4,6,7) 3(1) 4(2) 5.57522
544. 2(3,7,8) 3(1) 4(2) 5.57522
545. 2(6) 3(1,6,7) 4(2) 5.57496
546. 2(7) 3(1,2,7) 4(2) 5.57496
547. 2(1,7,8) 3(1,2)  5.5729
548. 2(2,6,7) 3(1,8)  5.5729
549. 2(3,6,8) 3(1) 4(2) 5.56686
550. 2(4,6,8) 3(1) 4(2) 5.56686
551. 2(1,5) 3(1,4) 4(1) 5.56657
552. 2(2,5) 3(1,6) 4(1) 5.56657
553. 2(3,7) 3(1,4) 4(1) 5.56657
554. 2(4,7) 3(1,6) 4(1) 5.56657
555. 2(2,4,6) 3(1,8)  5.56454
556. 2(3,6,8) 3(1,2)  5.56454
557. 2(1,3,5) 3(1) 4(2) 5.56066
558. 2(2,4,5) 3(1) 4(2) 5.56066
559. 2(3,5,6) 3(1) 4(1) 5.55969
560. 2(4,5,8) 3(1) 4(1) 5.55969
561. 2(5) 3(1,6,7) 4(1) 5.55943
562. 2(8) 3(1,2,7) 4(1) 5.55943
563. 2(5) 3(1,4,5) 4(2) 5.55866
564. 2(7) 3(1,2,5) 4(2) 5.55866
565. 2(5) 3(1,3,5) 4(2) 5.55296
566. 2(7) 3(1,3,5) 4(2) 5.55296
567. 2(2,3,6) 3(1,5)  5.55223
568. 3(1,2,3,5) 4(2) 5.55073
569. 3(1,3,4,5) 4(2) 5.55073
570. 2(7) 3(1,2,3) 4(1) 5.5478
571. 2(8) 3(1,2,3) 4(1) 5.5478
572. 2(5) 3(1,3,6,8)  5.54722
573. 2(5) 3(1,2,4,7)  5.54722
574. 2(1,7) 3(1,2) 4(1) 5.54668
575. 2(2,7) 3(1,8) 4(1) 5.54668
576. 2(3,8) 3(1,8) 4(1) 5.54668
577. 2(4,6) 3(1,2) 4(1) 5.54668
578. 2(5,6,7,8) 4(1) 5.54632
579. 2(5) 3(1,3) 4(1,2) 5.54428
580. 2(6) 3(1,3) 4(1,2) 5.54428
581. 2(1,5,8) 3(1,5)  5.54162
582. 2(2,5,6) 3(1,5)  5.54162
583. 2(1) 3(1,2,3,5)  5.53811
584. 2(4) 3(1,3,4,5)  5.53811
585. 2(2,7) 3(1,3) 4(2) 5.53277
586. 2(2,8) 3(1,3) 4(2) 5.53277
587. 2(1,3,7) 3(1) 4(1) 5.53215
588. 2(2,4,7) 3(1) 4(1) 5.53215
589. 2(5,7) 3(1,2) 4(1) 5.52882
590. 2(5,7) 3(1,8) 4(1) 5.52882
591. 2(5) 3(1,3,4,5)  5.5275
592. 2(7) 3(1,2,3,5)  5.5275
593. 2(1,8) 3(1) 4(1,2) 5.52739
594. 2(2,6) 3(1) 4(1,2) 5.52739
595. 2(1,2,3,7) 3(1)  5.52642
596. 2(1,2,4,7) 3(1)  5.52642
597. 2(1,4,5) 3(1,3)  5.52282
598. 2(3,4,6) 3(1,3)  5.52282
599. 2(5) 3(1,2,4,5)  5.51929
600. 2(7) 3(1,2,4,5)  5.51929
601. 2(2,5) 3(1,3,5)  5.51888
602. 2(3,7) 3(1,3,5)  5.51888
603. 2(3,6) 3(1,2,5)  5.51621
604. 2(2,6) 3(1,4,5)  5.51621
605. 2(1,2,7) 3(1,3)  5.51602
606. 2(2,3,8) 3(1,3)  5.51602
607. 2(1,3) 3(1,4,5)  5.51399
608. 2(2,4) 3(1,2,5)  5.51399
609. 2(2) 3(1,3,6) 4(1) 5.5088
610. 2(1,2) 3(1,3,6)  5.5072
611. 2(2,3) 3(1,3,6)  5.5072
612. 2(1,2,3) 3(1) 4(2) 5.50713
613. 2(1,2,4) 3(1) 4(2) 5.50713
614. 3(1,2,3,5) 4(1) 5.50669
615. 3(1,3,4,5) 4(1) 5.50669
616. 2(3,4,7) 3(1) 4(1) 5.50423
617. 2(4,5,6) 3(1,3)  5.50395
618. 2(5,7) 3(1,2,5)  5.50338
619. 2(5,7) 3(1,4,5)  5.50338
620. 2(3,4,6) 3(1) 4(1) 5.49597
621. 2(3,4,8) 3(1) 4(1) 5.49597
622. 2(3) 3(1,2,7) 4(1) 5.49571
623. 2(3) 3(1,6,7) 4(1) 5.49571
624. 2(5,6) 3(1,3,6)  5.49513
625. 2(2,5) 3(1,6,7)  5.49506
626. 2(4,8) 3(1,2,7)  5.49506
627. 2(2,3,5,6,7)  5.49147
628. 2(1,3,4,8) 3(1)  5.49014
629. 2(2,3,4,6) 3(1)  5.49014
630. 2(1,4,8) 3(1) 4(2) 5.48966
631. 2(2,3,6) 3(1) 4(2) 5.48966
632. 2(2,7) 3(1,3) 4(1) 5.48873
633. 2(2,8) 3(1,3) 4(1) 5.48873
634. 2(5,6,8) 3(1) 4(1) 5.48719
635. 2(3,5) 3(1,2,7)  5.4868
636. 2(3,8) 3(1,6,7)  5.4868
637. 2(3,5,7) 3(1) 4(2) 5.48633
638. 2(4,5,7) 3(1) 4(2) 5.48633
639. 2(3,4,5) 3(1,2)  5.48411
640. 2(3,4,5) 3(1,8)  5.48411
641. 2(3,5,7) 3(1,2)  5.48401
642. 2(4,5,7) 3(1,8)  5.48401
643. 2(5,6) 3(1,6,7)  5.4835
644. 2(7,8) 3(1,2,7)  5.4835
645. 2(1,4,5,6) 3(1)  5.48293
646. 2(2,3,5,8) 3(1)  5.48293
647. 2(1,3,5,6) 3(1)  5.48283
648. 2(1,3,5,8) 3(1)  5.48283
649. 2(2,4,5,6) 3(1)  5.48283
650. 2(2,4,5,8) 3(1)  5.48283
651. 2(3,5,6,7) 3(1)  5.47953
652. 2(4,5,7,8) 3(1)  5.47953
653. 2(1,7) 3(1,2,3)  5.47517
654. 2(3,8) 3(1,2,3)  5.47517
655. 2(7,8) 3(1,2,3)  5.47187
656. 2(1,2,5) 3(1,5)  5.4717
657. 2(3,5,6,8) 3(1)  5.47127
658. 2(4,5,6,8) 3(1)  5.47127
659. 2(1,5,6) 3(1,4)  5.46092
660. 2(2,5,8) 3(1,6)  5.46092
661. 2(2,5,6) 4(1,2) 5.45137
662. 2(1,2) 3(1,3,5)  5.44801
663. 2(3,4) 3(1,3,5)  5.44801
664. 2(1,4) 3(1) 4(1,2) 5.44591
665. 2(2,3) 3(1) 4(1,2) 5.44591
666. 2(1,6,7) 3(1) 4(2) 5.44335
667. 2(2,7,8) 3(1) 4(2) 5.44335
668. 2(1,6,7) 3(1,2)  5.44103
669. 2(2,7,8) 3(1,8)  5.44103
670. 2(1,2,6,8) 3(1)  5.43975
671. 2(1) 3(1,2,5) 4(1) 5.43633
672. 2(2) 3(1,4,5) 4(1) 5.43633
673. 2(3) 3(1,2,5) 4(1) 5.43633
674. 2(4) 3(1,4,5) 4(1) 5.43633
675. 2(1,5) 3(1,2,5)  5.43568
676. 2(4,7) 3(1,4,5)  5.43568
677. 2(2) 3(1,3) 4(1,2) 5.43128
678. 2(5,6) 3(1,4,5)  5.42412
679. 2(5,8) 3(1,2,5)  5.42412
680. 2(6,7) 3(1,2,5)  5.42412
681. 2(7,8) 3(1,4,5)  5.42412
682. 2(1,7,8) 3(1,6)  5.41784
683. 2(2,6,7) 3(1,4)  5.41784
684. 2(4,7,8) 3(1) 4(2) 5.41533
685. 2(3,6,7) 3(1) 4(2) 5.41533
686. 2(3,6,7) 3(1,2)  5.41301
687. 2(4,7,8) 3(1,8)  5.41301
688. 2(1,6) 3(1,3) 4(2) 5.4077
689. 2(3,5) 3(1,3) 4(2) 5.4077
690. 2(3,4,5) 3(1) 4(1) 5.40718
691. 2(1,3,4,5) 3(1)  5.40135
692. 2(2,3,4,5) 3(1)  5.40135
693. 2(1,4,5) 3(1) 4(2) 5.40087
694. 2(2,3,5) 3(1) 4(2) 5.40087
695. 2(2) 3(1,2,7) 4(2) 5.40061
696. 2(4) 3(1,6,7) 4(2) 5.40061
697. 2(4) 3(1,2,3,4)  5.39889
698. 2(7) 3(1,2,3,8)  5.39889
699. 2(1,5) 3(1,6) 4(1) 5.39842
700. 2(2,5) 3(1,4) 4(1) 5.39842
701. 2(4,8) 3(1,6) 4(1) 5.39842
702. 2(3,6) 3(1,4) 4(1) 5.39842
703. 2(1,3,5) 3(1,3)  5.39085
704. 2(1,3,6) 3(1,3)  5.39085
705. 2(2,4,5) 3(1,3)  5.39085
706. 2(2,4,6) 3(1,3)  5.39085
707. 2(5,6,8) 3(1,5)  5.38653
708. 3(1,2,3) 4(1,2) 5.3863
709. 2(6) 3(1,3,5) 4(2) 5.38481
710. 2(1,4,7) 3(1) 4(1) 5.37236
711. 2(2,3,7) 3(1) 4(1) 5.37236
712. 2(2) 3(1,6,7) 4(1) 5.3721
713. 2(4) 3(1,2,7) 4(1) 5.3721
714. 2(5,6,7) 3(1,6)  5.36778
715. 2(5,7,8) 3(1,4)  5.36778
716. 2(1,2) 3(1,3) 4(2) 5.36573
717. 2(2,3) 3(1,3) 4(2) 5.36573
718. 2(1,4,6) 3(1) 4(1) 5.3641
719. 2(2,3,8) 3(1) 4(1) 5.3641
720. 2(1,3,6) 3(1) 4(1) 5.364
721. 2(1,3,8) 3(1) 4(1) 5.364
722. 2(2,4,6) 3(1) 4(1) 5.364
723. 2(2,4,8) 3(1) 4(1) 5.364
724. 2(1,6) 3(1,3) 4(1) 5.36366
725. 2(3,5) 3(1,3) 4(1) 5.36366
726. 2(2,8) 3(1,6,7)  5.36319
727. 2(4,5) 3(1,2,7)  5.36319
728. 2(1,3) 3(1,6,7)  5.36214
729. 2(1,3) 3(1,2,7)  5.36214
730. 2(1,2,5,7) 3(1)  5.35922
731. 2(1,2,4,6) 3(1)  5.35827
732. 2(1,2,3,8) 3(1)  5.35827
733. 2(1,2,6) 3(1) 4(2) 5.35779
734. 2(1,2,8) 3(1) 4(2) 5.35779
735. 2(1) 3(1,2,7) 4(2) 5.35753
736. 2(1) 3(1,6,7) 4(2) 5.35753
737. 2(2) 3(1,8) 4(1,2) 5.35629
738. 2(6) 3(1,2) 4(1,2) 5.35629
739. 2(1,2,8) 3(1,3)  5.35613
740. 2(2,3,7) 3(1,3)  5.35613
741. 2(1,8) 3(1,6) 4(1) 5.35534
742. 2(2,6) 3(1,4) 4(1) 5.35534
743. 2(5,7) 3(1,2,7)  5.35153
744. 2(5,7) 3(1,6,7)  5.35153
745. 2(6,8) 3(1,2,7)  5.35153
746. 2(6,8) 3(1,6,7)  5.35153
747. 2(1) 3(1,2,5,8)  5.35114
748. 2(2) 3(1,2,5,8)  5.35114
749. 2(2) 3(1,2,4,5)  5.35114
750. 2(3) 3(1,2,4,5)  5.35114
751. 2(2,6) 3(1,3,5)  5.35073
752. 2(3,6) 3(1,3,5)  5.35073
753. 2(1,5,6,7) 3(1)  5.34766
754. 2(2,5,7,8) 3(1)  5.34766
755. 2(6) 3(1,2,5) 4(2) 5.34743
756. 2(6) 3(1,4,5) 4(2) 5.34743
757. 2(6,8) 3(1,5) 4(2) 5.34286
758. 2(2,5,7) 3(1,3)  5.33716
759. 2(2,6,8) 3(1,3)  5.33716
760. 2(4,5,8) 3(1,6)  5.33585
761. 2(2,3,5) 3(1,4)  5.33585
762. 2(5,6) 3(1,3,5)  5.32856
763. 2(6,7) 3(1,3,5)  5.32856
764. 2(6,7,8) 3(1,4)  5.3247
765. 2(6,7,8) 3(1,6)  5.3247
766. 2(3,5,6) 3(1,8)  5.32422
767. 2(4,5,8) 3(1,2)  5.32422
768. 2(5,7,8) 3(1,3)  5.3223
769. 2(6,7,8) 3(1,3)  5.3223
770. 2(1,7) 3(1,6,7)  5.32011
771. 2(1,6) 3(1,2,7)  5.32011
772. 2(4,5,6) 3(1) 4(2) 5.31828
773. 2(3,5,8) 3(1) 4(2) 5.31828
774. 2(1,3,4) 3(1,3)  5.31668
775. 2(2) 3(1,3,5) 4(1) 5.31667
776. 2(3) 3(1,3,5) 4(1) 5.31667
777. 2(3,5,8) 3(1,2)  5.31596
778. 2(4,5,6) 3(1,8)  5.31596
779. 2(1,8) 3(1,2,3)  5.31528
780. 2(3,7) 3(1,2,3)  5.31528
781. 2(1,2,5,6) 4(1) 5.30959
782. 2(2,3,5,6) 4(1) 5.30959
783. 2(1,5,8) 3(1,3)  5.30924
784. 2(3,6,7) 3(1,3)  5.30924
785. 2(6) 3(1,2,4,5)  5.30806
786. 2(5,6,7) 3(1,5)  5.306
787. 2(1,2,5) 3(1,4)  5.30103
788. 2(1,2,5) 3(1,6)  5.30103
789. 2(3,5) 3(1,8) 4(1) 5.298
790. 2(4,5) 3(1,2) 4(1) 5.298
791. 2(1,7) 3(1,8) 4(1) 5.298
792. 2(2,7) 3(1,2) 4(1) 5.298
793. 2(7,8) 3(1,3) 4(2) 5.28699
794. 2(1,7,8) 3(1) 4(2) 5.28346
795. 2(2,6,7) 3(1) 4(2) 5.28346
796. 2(6) 3(1,2,7) 4(2) 5.2832
797. 2(7) 3(1,6,7) 4(2) 5.2832
798. 2(2,4) 3(1,6,7)  5.28161
799. 2(2,4) 3(1,2,7)  5.28161
800. 2(1,5) 3(1) 4(1,2) 5.27871
801. 2(2,5) 3(1) 4(1,2) 5.27871
802. 2(1,6,8) 3(1) 4(2) 5.2751
803. 2(2,6,8) 3(1) 4(2) 5.2751
804. 2(1,6,8) 3(1,2)  5.27278
805. 2(2,4,8) 3(1,8)  5.27278
806. 2(1,5,6) 3(1) 4(1) 5.26793
807. 2(2,5,8) 3(1) 4(1) 5.26793
808. 2(5) 3(1,2,7) 4(1) 5.26767
809. 2(8) 3(1,6,7) 4(1) 5.26767
810. 2(3,6) 3(1,4,5)  5.26753
811. 2(2,6) 3(1,2,5)  5.26753
812. 2(5,6) 3(1) 4(1,2) 5.26715
813. 2(5,8) 3(1) 4(1,2) 5.26715
814. 2(5) 3(1,2,5) 4(2) 5.2669
815. 2(7) 3(1,4,5) 4(2) 5.2669
816. 2(2,5,6,7,8)  5.26646
817. 2(1,2,3) 3(1,5)  5.2573
818. 2(2,3,4) 3(1,5)  5.2573
819. 2(5,6) 3(1,3) 4(1) 5.25593
820. 2(1,5) 3(1,3) 4(2) 5.24781
821. 2(3,6) 3(1,3) 4(2) 5.24781
822. 2(3) 3(1,2,3,5)  5.24635
823. 2(2) 3(1,3,4,5)  5.24635
824. 2(2,3) 3(1,2,7)  5.24543
825. 2(3,4) 3(1,6,7)  5.24543
826. 2(1,2,7) 3(1) 4(1) 5.24049
827. 2(2,8) 3(1,2,7)  5.23812
828. 2(4,5) 3(1,6,7)  5.23812
829. 2(5) 3(1,2,3,5)  5.23574
830. 2(7) 3(1,3,4,5)  5.23574
831. 2(4) 3(1,2,3) 4(1) 5.2354
832. 2(1,4) 3(1,2,3)  5.2338
833. 2(3,4) 3(1,2,3)  5.2338
834. 2(5) 3(1,2,5,8)  5.22753
835. 2(4,5) 3(1,2,3)  5.22649
836. 2(4,6) 3(1,2,3)  5.22649
837. 2(5,6,7) 4(1,2) 5.22636
838. 2(1) 3(1,2,3) 4(2) 5.22083
839. 2(3) 3(1,2,3) 4(2) 5.22083
840. 2(1,8) 3(1,2) 4(1) 5.21864
841. 2(2,6) 3(1,8) 4(1) 5.21864
842. 2(3,6) 3(1,2) 4(1) 5.21864
843. 2(4,8) 3(1,8) 4(1) 5.21864
844. 2(1,5) 3(1,3) 4(1) 5.20377
845. 2(3,6) 3(1,3) 4(1) 5.20377
846. 2(2,6) 3(1,2,7)  5.2033
847. 2(4,7) 3(1,6,7)  5.2033
848. 2(5,6) 3(1,8) 4(1) 5.20088
849. 2(5,8) 3(1,2) 4(1) 5.20088
850. 2(5,6,8) 3(1,4)  5.19963
851. 2(5,6,8) 3(1,6)  5.19963
852. 2(1,4) 3(1,4) 4(1) 5.19953
853. 2(2,3) 3(1,6) 4(1) 5.19953
854. 2(1,2,4,8) 3(1)  5.19838
855. 2(1,2,3,6) 3(1)  5.19838
856. 2(1,5,7) 3(1) 4(2) 5.19457
857. 2(2,5,7) 3(1) 4(2) 5.19457
858. 2(3,5,8) 3(1,8)  5.19235
859. 2(4,5,6) 3(1,2)  5.19235
860. 2(1,5,7) 3(1,2)  5.19225
861. 2(2,5,7) 3(1,8)  5.19225
862. 2(1,3) 3(1,6) 4(1) 5.19117
863. 2(2,4) 3(1,4) 4(1) 5.19117
864. 2(6,7,8) 3(1,2)  5.188
865. 2(6,7,8) 3(1,8)  5.188
866. 2(1,5,7,8) 3(1)  5.18777
867. 2(2,5,6,7) 3(1)  5.18777
868. 2(2) 3(1,2,5) 4(1) 5.18765
869. 2(3) 3(1,4,5) 4(1) 5.18765
870. 2(2,5) 3(1,2,5)  5.187
871. 2(3,7) 3(1,4,5)  5.187
872. 2(1,2) 3(1,2,5)  5.18605
873. 2(2,3) 3(1,2,5)  5.18605
874. 2(2,3) 3(1,4,5)  5.18605
875. 2(3,4) 3(1,4,5)  5.18605
876. 2(5,7) 3(1,5) 4(2) 5.1818
877. 2(2,5,8) 3(1,3)  5.17737
878. 2(2,6,7) 3(1,3)  5.17737
879. 3(1,2,3,4,5)  5.16432
880. 2(1,4,5,8) 3(1)  5.16315
881. 2(2,3,5,6) 3(1)  5.16315
882. 2(1,3) 3(1,5) 4(1) 5.15898
883. 2(2,4) 3(1,5) 4(1) 5.15898
884. 2(4,5,8) 3(1) 4(2) 5.15839
885. 2(3,5,6) 3(1) 4(2) 5.15839
886. 2(5) 3(1,6,7) 4(2) 5.15813
887. 2(8) 3(1,2,7) 4(2) 5.15813
888. 2(2,3) 3(1,3,5)  5.15625
889. 2(1,2) 3(1) 4(1,2) 5.15415
890. 2(7) 3(1,2,3) 4(2) 5.1465
891. 2(8) 3(1,2,3) 4(2) 5.1465
892. 2(1,5,8) 3(1,6)  5.13288
893. 2(2,5,6) 3(1,4)  5.13288
894. 2(5,6) 3(1,2,5)  5.13236
895. 2(6,7) 3(1,4,5)  5.13236
896. 2(3,5) 3(1,2) 4(1) 5.12985
897. 2(4,5) 3(1,8) 4(1) 5.12985
898. 2(1,6) 3(1,8) 4(1) 5.12985
899. 2(2,8) 3(1,2) 4(1) 5.12985
900. 2(1,3,5) 3(1) 4(1) 5.11532
901. 2(2,4,5) 3(1) 4(1) 5.11532
902. 2(1,3) 3(1,4) 4(1) 5.11064
903. 2(2,4) 3(1,6) 4(1) 5.11064
904. 2(1,5,8) 3(1) 4(1) 5.10804
905. 2(2,5,6) 3(1) 4(1) 5.10804
906. 2(5) 3(1,2) 4(1,2) 5.10761
907. 2(5) 3(1,8) 4(1,2) 5.10761
908. 2(7) 3(1,2,3,4)  5.10713
909. 2(8) 3(1,2,3,8)  5.10713
910. 2(5,6) 3(1,5) 4(2) 5.10254
911. 2(5,8) 3(1,5) 4(2) 5.10254
912. 2(1,6) 3(1,2) 4(1) 5.08677
913. 2(2,8) 3(1,8) 4(1) 5.08677
914. 2(1,2) 3(1,6,7)  5.07874
915. 2(1,4) 3(1,2,7)  5.07874
916. 2(5,6,7) 3(1,4)  5.07602
917. 2(5,7,8) 3(1,6)  5.07602
918. 2(3,4) 3(1,4) 4(1) 5.07446
919. 2(3,4) 3(1,6) 4(1) 5.07446
920. 2(6) 3(1,2,3,5)  5.06759
921. 2(6) 3(1,3,4,5)  5.06759
922. 2(3,4) 3(1,2) 4(1) 5.06283
923. 2(3,4) 3(1,8) 4(1) 5.06283
924. 2(1,4) 3(1,3) 4(1) 5.05857
925. 2(3,4) 3(1,3) 4(1) 5.05857
926. 2(1,5,6) 3(1,3)  5.0523
927. 2(3,5,6) 3(1,3)  5.0523
928. 2(1,4,8) 3(1) 4(1) 5.04432
929. 2(2,3,6) 3(1) 4(1) 5.04432
930. 3(1,2,3,4) 4(1) 5.0405
931. 3(1,2,3,8) 4(1) 5.0405
932. 2(1,5) 3(1,6,7)  5.03515
933. 2(1,8) 3(1,2,7)  5.03515
934. 2(1,4,5) 3(1,2)  5.03246
935. 2(2,3,5) 3(1,8)  5.03246
936. 2(6,8) 3(1,3) 4(2) 5.02995
937. 2(5,7) 3(1,3) 4(2) 5.02995
938. 2(1,2,4) 3(1,3)  5.02492
939. 2(2,3,4) 3(1,3)  5.02492
940. 2(1,3,5) 3(1,2)  5.0241
941. 2(2,4,5) 3(1,8)  5.0241
942. 2(1,5,6,8) 3(1)  5.01962
943. 2(2,5,6,8) 3(1)  5.01962
944. 2(1,3,4,5) 4(1) 5.01355
945. 2(2,3,4,5) 4(1) 5.01355
946. 2(1,2) 3(1,5) 4(1) 4.99919
947. 2(2,3) 3(1,5) 4(1) 4.99919
948. 2(2) 3(1,2,3,5)  4.99767
949. 2(3) 3(1,3,4,5)  4.99767
950. 2(2,5) 3(1,3) 4(2) 4.95605
951. 2(2,6) 3(1,3) 4(2) 4.95605
952. 2(1,4,5) 3(1) 4(1) 4.95553
953. 2(2,3,5) 3(1) 4(1) 4.95553
954. 2(2) 3(1,2,7) 4(1) 4.95527
955. 2(4) 3(1,6,7) 4(1) 4.95527
956. 2(1,2,3,5) 3(1)  4.9497
957. 2(1,2,4,5) 3(1)  4.9497
958. 2(1,2,5) 3(1) 4(2) 4.94922
959. 2(1,5,7) 3(1,8)  4.94357
960. 2(2,5,7) 3(1,2)  4.94357
961. 2(5,6,7) 3(1,8)  4.93932
962. 2(5,7,8) 3(1,2)  4.93932
963. 2(1,2,6) 3(1,3)  4.9393
964. 2(2,3,5) 3(1,3)  4.9393
965. 2(2,7) 3(1,2,3)  4.93473
966. 2(2,8) 3(1,2,3)  4.93473
967. 2(1,3) 3(1,2,3)  4.93368
968. 2(1,3) 3(1,3) 4(1) 4.9266
969. 2(2,4) 3(1,3) 4(1) 4.9266
970. 2(5,7) 3(1,2,3)  4.92307
971. 2(6,8) 3(1,2,3)  4.92307
972. 2(1,2,6) 3(1) 4(1) 4.91245
973. 2(1,2,8) 3(1) 4(1) 4.91245
974. 2(1) 3(1,2,7) 4(1) 4.91219
975. 2(1) 3(1,6,7) 4(1) 4.91219
976. 2(2,5) 3(1,3) 4(1) 4.91201
977. 2(2,6) 3(1,3) 4(1) 4.91201
978. 2(5,6) 3(1,2) 4(1) 4.90912
979. 2(5,8) 3(1,8) 4(1) 4.90912
980. 2(1,2) 3(1,4) 4(1) 4.90777
981. 2(1,2) 3(1,6) 4(1) 4.90777
982. 2(5,6,7) 3(1,3)  4.90547
983. 2(5,6,8) 3(1,3)  4.90547
984. 2(5,6) 3(1,2,7)  4.89998
985. 2(7,8) 3(1,6,7)  4.89998
986. 2(1,2,5,6) 3(1)  4.87139
987. 2(1,2,5,8) 3(1)  4.87139
988. 2(5,8) 3(1,3) 4(2) 4.87016
989. 2(6,7) 3(1,3) 4(2) 4.87016
990. 2(1,5,6) 3(1) 4(2) 4.86663
991. 2(2,5,8) 3(1) 4(2) 4.86663
992. 2(5) 3(1,2,7) 4(2) 4.86637
993. 2(8) 3(1,6,7) 4(2) 4.86637
994. 2(3,5,6) 3(1,2)  4.86431
995. 2(4,5,8) 3(1,8)  4.86431
996. 2(1,2,3,5) 4(1) 4.85366
997. 2(1,2,4,5) 4(1) 4.85366
998. 2(2,4) 3(1,2,3)  4.85315
999. 2(5) 3(1,2,3) 4(1) 4.83921
1000. 2(6) 3(1,2,3) 4(1) 4.83921
1001. 2(5,6,7,8) 3(1)  4.79131
1002. 2(4,8) 3(1,6,7)  4.78647
1003. 2(2,5) 3(1,2,7)  4.78647
1004. 2(1,4) 3(1,6) 4(1) 4.7827
1005. 2(2,3) 3(1,4) 4(1) 4.7827
1006. 2(1,2,5) 3(1,3)  4.77941
1007. 2(2,3,6) 3(1,3)  4.77941
1008. 2(1) 3(1,2,3) 4(1) 4.77549
1009. 2(3) 3(1,2,3) 4(1) 4.77549
1010. 2(5,8) 3(1,2,7)  4.77491
1011. 2(5,8) 3(1,6,7)  4.77491
1012. 2(1,4) 3(1,2) 4(1) 4.77107
1013. 2(2,3) 3(1,8) 4(1) 4.77107
1014. 2(1,6) 3(1,2,3)  4.76658
1015. 2(3,5) 3(1,2,3)  4.76658
1016. 2(5,8) 3(1,2,3)  4.76328
1017. 2(6,7) 3(1,2,3)  4.76328
1018. 2(1,3) 3(1,2) 4(1) 4.76271
1019. 2(2,4) 3(1,8) 4(1) 4.76271
1020. 2(1,8) 3(1,6,7)  4.74339
1021. 2(1,5) 3(1,2,7)  4.74339
1022. 2(1,2,3) 3(1,3)  4.73316
1023. 2(1,2,3,4) 3(1)  4.732
1024. 2(1,5,8) 3(1) 4(2) 4.70674
1025. 2(2,5,6) 3(1) 4(2) 4.70674
1026. 2(1,5,8) 3(1,2)  4.70442
1027. 2(2,5,6) 3(1,8)  4.70442
1028. 2(5) 3(1,2,3,4)  4.6903
1029. 2(6) 3(1,2,3,8)  4.6903
1030. 2(1,3) 3(1,8) 4(1) 4.68218
1031. 2(2,4) 3(1,2) 4(1) 4.68218
1032. 2(2) 3(1,2,3) 4(2) 4.68039
1033. 2(1,8) 3(1,8) 4(1) 4.6782
1034. 2(1,5) 3(1,2) 4(1) 4.6782
1035. 2(2,5) 3(1,8) 4(1) 4.6782
1036. 2(2,6) 3(1,2) 4(1) 4.6782
1037. 2(1,2) 3(1,2,7)  4.66191
1038. 2(1,4) 3(1,6,7)  4.66191
1039. 2(6,7,8) 3(1) 4(2) 4.65608
1040. 2(5,6,7) 3(1,2)  4.64756
1041. 2(5,7,8) 3(1,8)  4.64756
1042. 2(1,4,5) 3(1,8)  4.61563
1043. 2(2,5,8) 3(1,2)  4.61563
1044. 2(1,5) 3(1,2,3)  4.60669
1045. 2(3,6) 3(1,2,3)  4.60669
1046. 2(2,5,6) 3(1,3)  4.60065
1047. 2(1,5,6) 3(1,2)  4.57255
1048. 2(2,5,8) 3(1,8)  4.57255
1049. 2(2,3,4) 3(1) 4(1) 4.50691
1050. 2(1,3,4) 3(1) 4(1) 4.50691
1051. 2(1,2,5) 3(1) 4(1) 4.50388
1052. 2(5,6,8) 3(1,2)  4.47941
1053. 2(5,6,8) 3(1,8)  4.47941
1054. 2(1,2) 3(1,3) 4(1) 4.47505
1055. 2(2,3) 3(1,3) 4(1) 4.47505
1056. 2(5,6) 3(1,3) 4(2) 4.45333
1057. 2(5) 3(1,2,3) 4(2) 4.43791
1058. 2(6) 3(1,2,3) 4(2) 4.43791
1059. 2(1,5) 3(1,8) 4(1) 4.42952
1060. 2(2,5) 3(1,2) 4(1) 4.42952
1061. 2(5,6,7) 3(1) 4(2) 4.4074
1062. 2(5,7,8) 3(1) 4(2) 4.4074
1063. 2(2) 3(1,2,3,4)  4.39854
1064. 2(5) 3(1,2,3,8)  4.39854
1065. 2(1,4) 3(1,8) 4(1) 4.35424
1066. 2(2,3) 3(1,2) 4(1) 4.35424
1067. 2(5,6,8) 3(1) 4(2) 4.23925
1068. 2(2) 3(1,2,3) 4(1) 4.23505
1069. 2(1,2) 3(1,2,3)  4.23345
1070. 2(2,3) 3(1,2,3)  4.23345
1071. 2(1,2,4) 3(1) 4(1) 4.21515
1072. 2(1,2,3) 3(1) 4(1) 4.21515
1073. 2(1,2,5) 3(1,8)  4.16398
1074. 2(2,5,6) 3(1,2)  4.16398
1075. 2(2,5) 3(1,2,3)  4.06625
1076. 2(2,6) 3(1,2,3)  4.06625
1077. 2(1,2) 3(1,2) 4(1) 4.06248
1078. 2(1,2) 3(1,8) 4(1) 4.06248
1079. 2(5,6) 3(1,2,3)  4.05469
1080. 2(1,2,3,4) 4(1) 3.85304
