1. 2(2,3,5,7,8) 3(1,2,3,4,5,6,7,8) 4(1,2) 5.53440762
2. 2(1,2,3,5,7) 3(1,2,3,4,5,6,7,8) 4(1,2) 5.5343981
3. 2(2,4,5,6,7) 3(1,2,3,4,5,6,7,8) 4(1,2) 5.5343981
4. 2(1,2,4,5,6,8) 3(1,2,3,4,5,6,7) 4(1,2) 5.53143905
5. 2(1,2,4,5,7,8) 3(1,2,3,4,5,6,7) 4(1,2) 5.53143905
6. 2(1,3,4,5,6,8) 3(1,2,3,4,5,6,7) 4(1,2) 5.53065238
7. 2(1,2,3,5,7,8) 3(1,2,3,4,5,6,7) 4(1,2) 5.53065238
8. 2(2,4,5,6,7,8) 3(1,2,3,4,5,6,7,8) 4(1) 5.52453714
9. 2(1,2,5,6,7) 3(1,2,3,4,5,6,7,8) 4(1,2) 5.51918
10. 2(1,2,5,7,8) 3(1,2,3,4,5,6,7,8) 4(1,2) 5.51918
11. 2(1,2,4,6,7,8) 3(1,2,3,4,5,6,7) 4(1,2) 5.51888
12. 2(1,2,4,5,6,7) 3(1,2,3,4,5,6,7) 4(1,2) 5.51888
13. 2(1,3,4,5,6,7,8) 3(1,2,3,5,6,8) 4(1,2) 5.51638095
14. 2(2,3,4,5,6,7,8) 3(1,2,4,5,7,8) 4(1,2) 5.51638095
15. 2(1,2,3,5,6,8) 3(1,2,3,4,5,6,7) 4(1,2) 5.51542476
16. 2(1,3,4,5,7,8) 3(1,2,3,4,5,6,7) 4(1,2) 5.51542476
17. 2(1,2,4,5,6,7,8) 3(1,2,3,4,5,6,7) 4(1) 5.51166857
18. 2(1,2,3,5,6,7,8) 3(1,2,3,5,6,7) 4(1,2) 5.51150762
19. 2(1,2,3,4,5,7,8) 3(1,2,3,4,5,7) 4(1,2) 5.51050381
20. 2(2,3,5,6,7,8) 3(1,2,3,4,5,6,7,8) 4(1) 5.50931905
21. 2(1,2,3,4,5,6,7,8) 3(1,2,4,5,7) 4(1,2) 5.50870381
22. 2(1,2,3,4,5,6,8) 3(1,2,3,4,5,6,7) 4(2) 5.50831524
23. 2(1,2,3,4,5,7,8) 3(1,2,3,4,5,6,7) 4(2) 5.50831524
24. 2(1,2,3,4,5,8) 3(1,2,3,4,5,6,7) 4(1,2) 5.50766476
25. 2(2,3,4,5,6,8) 3(1,2,3,4,5,6,7) 4(1,2) 5.50696857
26. 2(2,3,4,5,7,8) 3(1,2,3,4,5,6,7) 4(1,2) 5.50696857
27. 2(1,3,4,5,6,7,8) 3(1,2,3,4,5,7) 4(1,2) 5.50539048
28. 2(1,2,4,5,6,7,8) 3(1,2,3,4,5,7) 4(1,2) 5.50539048
29. 2(1,2,3,4,5,6,7) 3(1,2,3,5,6,7) 4(1,2) 5.50484857
30. 2(1,2,3,4,5,6,8) 3(1,2,3,5,6,7) 4(1,2) 5.50484857
31. 2(2,3,4,5,6,7,8) 3(1,2,3,5,6,8) 4(1,2) 5.50460857
32. 2(1,2,3,4,5,6,7) 3(1,2,4,5,7,8) 4(1,2) 5.50460857
33. 2(2,3,5,6,7) 3(1,2,3,4,5,6,7,8) 4(1,2) 5.50395238
34. 2(2,3,4,5,6,7,8) 3(1,2,3,5,6,7) 4(1,2) 5.5038381
35. 2(1,2,3,6,7,8) 3(1,2,3,4,5,6,7) 4(1,2) 5.50286571
36. 2(1,3,4,5,6,7) 3(1,2,3,4,5,6,7) 4(1,2) 5.50286571
37. 2(1,2,3,5,7,8) 3(1,2,3,4,5,6,7,8) 4(1) 5.50255429
38. 2(1,2,4,5,6,7) 3(1,2,3,4,5,6,7,8) 4(1) 5.50255429
39. 2(1,2,5,6,7,8) 3(1,2,3,4,5,6,7) 4(1,2) 5.50255143
40. 2(1,4,5,6,7,8) 3(1,2,3,4,5,6,7) 4(1,2) 5.50255143
41. 2(1,3,5,6,7,8) 3(1,2,3,4,5,6,7) 4(1,2) 5.50175524
42. 2(1,2,3,4,5,6,7,8) 3(1,2,3,5,7) 4(1,2) 5.49795333
43. 2(1,2,3,5,6,7,8) 3(1,2,3,4,5,6,7) 4(1) 5.49565429
44. 2(1,3,4,5,6,7,8) 3(1,2,3,4,5,6,7) 4(1) 5.49565429
45. 2(1,2,3,4,5,7) 3(1,2,3,4,5,6,7) 4(1,2) 5.49509619
46. 2(1,2,3,4,6,8) 3(1,2,3,4,5,6,7) 4(1,2) 5.49509619
47. 2(2,4,5,6,7,8) 3(1,2,3,4,5,6,7) 4(1,2) 5.49408571
48. 2(1,2,4,5,6,7,8) 3(1,2,3,5,6,8) 4(1,2) 5.49269714
49. 2(1,2,3,4,5,7,8) 3(1,2,4,5,7,8) 4(1,2) 5.49269714
50. 2(1,2,3,4,5,6,7,8) 3(1,2,3,5,6,7) 4(2) 5.4919219
51. 2(1,2,4,5,6,7,8) 3(1,2,3,4,5,6) 4(1,2) 5.49158952
52. 2(1,2,3,4,5,7,8) 3(1,2,3,4,5,8) 4(1,2) 5.49158952
53. 2(1,2,3,4,5,6,7,8) 3(1,2,3,5,6) 4(1,2) 5.49002952
54. 2(1,2,3,4,5,6,7,8) 3(1,2,4,5,8) 4(1,2) 5.49002952
55. 2(1,2,4,5,6,7,8) 3(1,2,4,5,7,8) 4(1,2) 5.48859429
56. 2(1,2,3,5,6,7,8) 3(1,2,3,5,6,8) 4(1,2) 5.48859429
57. 2(1,2,3,4,5,6,7,8) 3(1,2,3,5,6,7) 4(1) 5.48772762
58. 2(1,2,3,5,6,7) 3(1,2,3,4,5,6,7) 4(1,2) 5.4876381
59. 2(1,3,4,6,7,8) 3(1,2,3,4,5,6,7) 4(1,2) 5.4876381
60. 2(1,2,3,5,6,7) 3(1,2,3,4,5,6,7,8) 4(1) 5.48732667
61. 2(2,3,4,5,6,7) 3(1,2,3,4,5,6,7,8) 4(1) 5.48732667
62. 2(2,3,4,5,6,7,8) 3(1,2,3,4,5,6,7,8)  5.48630762
63. 2(1,2,3,4,5,6,7,8) 3(1,2,3,5,6,8) 4(1) 5.48413429
64. 2(1,2,3,4,5,6,7,8) 3(1,2,4,5,7,8) 4(1) 5.48413429
65. 2(1,2,3,4,5,6,8) 3(1,2,3,4,5,7) 4(1,2) 5.48271714
66. 2(1,2,3,4,6,7,8) 3(1,2,3,4,5,7) 4(1,2) 5.48271714
67. 2(2,5,6,7,8) 3(1,2,3,4,5,6,7,8) 4(1,2) 5.48252286
68. 2(1,2,3,4,5,6,7,8) 3(1,2,3,4,5,6,7)  5.48215905
69. 2(1,2,3,4,6,7,8) 3(1,2,3,4,5,6,7) 4(2) 5.48052857
70. 2(1,2,3,4,5,6,7) 3(1,2,3,4,5,6,7) 4(2) 5.48052857
71. 2(1,2,3,4,5,6) 3(1,2,3,4,5,6,7) 4(1,2) 5.4798781
72. 2(1,2,3,4,7,8) 3(1,2,3,4,5,6,7) 4(1,2) 5.4798781
73. 2(1,2,4,5,6,7,8) 3(1,2,3,4,5,8) 4(1,2) 5.47557524
74. 2(1,3,4,5,6,7,8) 3(1,2,3,4,5,6) 4(1,2) 5.47557524
75. 2(1,2,4,5,6,7,8) 3(1,2,3,4,5,6,7) 4(2) 5.47344952
76. 2(2,3,4,5,6,7,8) 3(1,2,3,4,5,6,7) 4(1) 5.47197048
77. 2(1,2,3,4,5,6,7,8) 3(1,2,3,4,5,7) 4(2) 5.46979048
78. 2(1,2,3,4,5,6,7,8) 3(1,2,3,5,8) 4(1,2) 5.4678981
79. 2(1,2,3,4,5,6,7,8) 3(1,2,5,7,8) 4(1,2) 5.4678981
80. 2(1,2,3,4,5,6,8) 3(1,2,3,4,5,6,7) 4(1) 5.4659019
81. 2(1,2,3,4,5,7,8) 3(1,2,3,4,5,6,7) 4(1) 5.4659019
82. 2(2,3,4,5,6,7,8) 3(1,2,3,4,5,7) 4(1,2) 5.46569238
83. 2(1,2,3,5,6,7,8) 3(1,2,3,4,5,7) 4(1,2) 5.46569238
84. 2(1,2,3,4,5,6,7,8) 3(1,2,3,4,5,7) 4(1) 5.46559619
85. 2(2,3,4,6,7,8) 3(1,2,3,4,5,6,7) 4(1,2) 5.46395429
86. 2(2,3,4,5,6,7) 3(1,2,3,4,5,6,7) 4(1,2) 5.46395429
87. 2(3,4,5,6,7,8) 3(1,2,3,4,5,6,7) 4(1,2) 5.46285333
88. 2(2,3,5,6,7,8) 3(1,2,3,4,5,6,7) 4(1,2) 5.46285333
89. 2(1,2,3,5,6,7,8) 3(1,2,3,4,5,6,7) 4(2) 5.45743524
90. 2(1,3,4,5,6,7,8) 3(1,2,3,4,5,6,7) 4(2) 5.45743524
91. 2(1,2,3,4,5,6,7) 3(1,2,3,4,5,7) 4(1,2) 5.45493048
92. 2(1,2,3,4,6,7) 3(1,2,3,4,5,6,7) 4(1,2) 5.45209143
93. 2(2,3,4,5,6,7,8) 3(1,2,3,4,5,8) 4(1,2) 5.44778857
94. 2(1,2,3,5,6,7,8) 3(1,2,3,4,5,6) 4(1,2) 5.44778857
95. 2(1,2,3,4,5,7) 3(1,2,3,4,5,6,7,8) 4(1) 5.44390476
96. 2(1,2,3,4,5,6,7,8) 3(1,2,3,4,5,6) 4(1) 5.44332857
97. 2(1,2,3,4,5,6,7,8) 3(1,2,3,4,5,8) 4(1) 5.44332857
98. 2(1,2,3,4,6,7,8) 3(1,2,3,4,5,6,7) 4(1) 5.43811524
99. 2(1,2,3,4,5,6,7) 3(1,2,3,4,5,6,7) 4(1) 5.43811524
100. 2(2,3,4,5,6,7,8) 3(1,2,3,4,5,6,7) 4(2) 5.43375143
101. 2(1,2,3,4,5,6) 3(1,2,3,4,5,6,7,8) 4(1) 5.42868667
102. 2(1,2,3,4,5,6,7,8) 3(1,2,3,4,5) 4(1,2) 5.42709238
103. 2(2,3,4,5,6,7,8) 3(1,2,3,4,5,6) 4(1,2) 5.42410476
104. 2(1,2,3,4,5,6,7) 3(1,2,3,4,5,8) 4(1,2) 5.42410476
