1. 3(1,3,5,7) 4(1,2) 6.12026667
2. 3(1,3,5,8) 4(1,2) 6.02496667
3. 3(1,2,5,7) 4(1,2) 6.02496667
4. 3(1,4,5,8) 4(1,2) 6.00933333
5. 3(1,2,5,6) 4(1,2) 6.00933333
6. 2(8) 3(1,3,5) 4(1,2) 6.00640667
7. 2(3) 3(1,2,5,7) 4(2) 5.99067333
8. 2(4) 3(1,3,5,8) 4(2) 5.99067333
9. 3(1,2,4,7) 4(1,2) 5.98513333
10. 3(1,3,6,8) 4(1,2) 5.98513333
11. 2(2) 3(1,3,5,7) 4(2) 5.98009333
12. 2(7) 3(1,2,4,7) 4(1) 5.97431333
13. 2(7) 3(1,3,6,8) 4(1) 5.97431333
14. 2(1,3) 3(1,3,6) 4(2) 5.97316667
15. 2(7) 3(1,3,6) 4(1,2) 5.9611
16. 2(8) 3(1,3,6) 4(1,2) 5.9611
17. 2(5) 3(1,3,5,7) 4(1) 5.96091333
18. 2(7) 3(1,2,5,7) 4(1) 5.95424
19. 2(7) 3(1,3,5,8) 4(1) 5.95424
20. 2(1,4) 3(1,3,5) 4(2) 5.95396
21. 2(4) 3(1,3,6) 4(1,2) 5.95166667
22. 2(5,7) 3(1,3,6) 4(1) 5.95141333
23. 2(6,8) 3(1,3,6) 4(1) 5.95141333
24. 2(3,6) 3(1,6) 4(1,2) 5.94484
25. 2(4,8) 3(1,4) 4(1,2) 5.94484
26. 2(4,8) 3(1,3) 4(1,2) 5.94185333
27. 2(4,7) 3(1,3) 4(1,2) 5.94185333
28. 2(7,8) 3(1,3,6) 4(1) 5.92826667
29. 2(4,7,8) 3(1,3) 4(1) 5.92756667
30. 2(8) 3(1,2,4,5) 4(1) 5.926
31. 2(3,6,8) 3(1,6) 4(1) 5.92569333
32. 2(4,6,8) 3(1,4) 4(1) 5.92569333
33. 2(6) 3(1,2,5,7) 4(1) 5.92552
34. 2(8) 3(1,3,5,8) 4(1) 5.92552
35. 2(3) 3(1,3,6) 4(1,2) 5.92294667
36. 2(1) 3(1,3,6) 4(1,2) 5.92294667
37. 2(1) 3(1,3,5) 4(1,2) 5.92164
38. 2(4) 3(1,3,5) 4(1,2) 5.92164
39. 2(2,4) 3(1,3,6) 4(2) 5.91948
40. 2(3,7) 3(1,3,6,8)  5.91879333
41. 2(4,7) 3(1,2,4,7)  5.91879333
42. 2(5,8) 3(1,3,5) 4(1) 5.91366667
43. 2(7,8) 3(1,3,5) 4(1) 5.91366667
44. 2(8) 3(1,2,5) 4(1,2) 5.91278667
45. 2(8) 3(1,4,5) 4(1,2) 5.91278667
46. 3(1,2,4,5,7) 4(2) 5.91263333
47. 2(5,8) 3(1,4,5) 4(1) 5.90867333
48. 2(7,8) 3(1,2,5) 4(1) 5.90867333
49. 2(3) 3(1,3,5,8) 4(2) 5.90826667
50. 2(4) 3(1,2,5,7) 4(2) 5.90826667
51. 2(6,8) 3(1,3,5) 4(1) 5.90809333
52. 2(3,4,8) 3(1,3) 4(2) 5.90480667
53. 2(1,4,7) 3(1,3) 4(2) 5.90480667
54. 2(1) 3(1,4,5) 4(1,2) 5.90432667
55. 2(4) 3(1,2,5) 4(1,2) 5.90432667
56. 2(1,3,6,8) 3(1,5)  5.90168
57. 2(2,4,6,8) 3(1,5)  5.90168
58. 3(1,2,4,5,7) 4(1) 5.89795333
59. 2(2,8) 3(1,5) 4(1,2) 5.89676
60. 2(1,6) 3(1,5) 4(1,2) 5.89676
61. 2(1,4) 3(1,3,6) 4(2) 5.89536
62. 2(3,4) 3(1,3,6) 4(2) 5.89536
63. 2(6) 3(1,3,6,8) 4(1) 5.89093333
64. 2(8) 3(1,2,4,7) 4(1) 5.89093333
65. 2(2,3) 3(1,6,7) 4(2) 5.88760667
66. 2(3,4) 3(1,2,7) 4(2) 5.88760667
67. 2(1,7) 3(1,4) 4(1,2) 5.88662
68. 2(2,7) 3(1,6) 4(1,2) 5.88662
69. 2(6) 3(1,2,5,6) 4(1) 5.88641333
70. 2(6) 3(1,4,5,8) 4(1) 5.88641333
71. 2(3,5) 3(1,6) 4(1,2) 5.88564667
72. 2(4,5) 3(1,4) 4(1,2) 5.88564667
73. 2(1,8) 3(1,3,5) 4(2) 5.88478
74. 2(4,8) 3(1,3,5) 4(2) 5.88478
75. 2(3,7) 3(1,8) 4(1,2) 5.8834
76. 2(4,7) 3(1,2) 4(1,2) 5.8834
77. 2(3,5) 3(1,3,5,7)  5.88263333
78. 2(4,5) 3(1,3,5,7)  5.88263333
79. 2(5) 3(1,3,6) 4(1,2) 5.87772
80. 2(6) 3(1,3,6) 4(1,2) 5.87772
81. 2(2,6,8) 3(1,5) 4(1) 5.8769
82. 2(3,6,8) 3(1,5) 4(1) 5.8769
83. 2(3,7) 3(1,2,5,7)  5.87524667
84. 2(4,7) 3(1,3,5,8)  5.87524667
85. 2(6,8) 3(1,2,5) 4(1) 5.87438
86. 2(6,8) 3(1,4,5) 4(1) 5.87438
87. 2(7) 3(1,2,5,8) 4(1) 5.87231333
88. 2(3,5,7) 3(1,6) 4(1) 5.87200667
89. 2(4,5,7) 3(1,4) 4(1) 5.87200667
90. 2(3,8) 3(1,3,5,8)  5.87071333
91. 2(4,6) 3(1,2,5,7)  5.87071333
92. 2(1,8) 3(1,2,4,5)  5.87048
93. 2(4,8) 3(1,2,4,5)  5.87048
94. 2(6) 3(1,6,7) 4(1,2) 5.86996667
95. 2(7) 3(1,2,7) 4(1,2) 5.86996667
96. 2(3,4,6,7) 3(1,8)  5.86977333
97. 2(3,4,7,8) 3(1,2)  5.86977333
98. 2(4,6) 3(1,3,5,8)  5.86974
99. 2(3,8) 3(1,2,5,7)  5.86974
100. 2(1,8) 3(1,3,4,5)  5.86749333
101. 2(4,8) 3(1,2,3,5)  5.86749333
102. 2(1,3,6,7) 3(1,6)  5.86742
103. 2(2,4,7,8) 3(1,4)  5.86742
104. 2(1,3) 3(1,3,5) 4(2) 5.86598
105. 2(2,4) 3(1,3,5) 4(2) 5.86598
106. 2(1,3,7,8) 3(1,3)  5.86443333
107. 2(2,4,7,8) 3(1,3)  5.86443333
108. 2(4,6,8) 3(1,3) 4(1) 5.8628
109. 2(4,5,7) 3(1,3) 4(1) 5.8628
110. 2(3,7) 3(1,6) 4(1,2) 5.86243333
111. 2(4,7) 3(1,4) 4(1,2) 5.86243333
112. 2(1,3,6,8) 3(1,6)  5.86184667
113. 2(2,4,6,8) 3(1,4)  5.86184667
114. 2(8) 3(1,2,4,5,7)  5.86106667
115. 2(2,3,8) 3(1,5) 4(2) 5.85971333
116. 2(1,3,6) 3(1,5) 4(2) 5.85964667
117. 2(2,4,6) 3(1,5) 4(2) 5.85964667
118. 2(5) 3(1,4,5) 4(1,2) 5.8591
119. 2(7) 3(1,2,5) 4(1,2) 5.8591
120. 2(3,8) 3(1,2,4,7)  5.85862667
121. 2(4,6) 3(1,3,6,8)  5.85862667
122. 2(1,7) 3(1,3,6) 4(2) 5.85744
123. 2(3,8) 3(1,3,6) 4(2) 5.85744
124. 2(1,6) 3(1,6) 4(1,2) 5.85692667
125. 2(2,8) 3(1,4) 4(1,2) 5.85692667
126. 3(1,2,5,8) 4(1,2) 5.85441333
127. 3(1,2,4,5) 4(1,2) 5.85441333
128. 2(5,7) 3(1,3,5) 4(1) 5.85440667
129. 2(3,6) 3(1,6,7) 4(2) 5.85422
130. 2(3,7) 3(1,2,7) 4(2) 5.85422
131. 2(1,7) 3(1,3) 4(1,2) 5.85394
132. 2(3,8) 3(1,3) 4(1,2) 5.85394
133. 2(1,7,8) 3(1,3,5)  5.85393333
134. 2(4,5,8) 3(1,3,5)  5.85393333
135. 3(1,2,3,5,6,7)  5.85289333
136. 3(1,2,3,5,7) 4(2) 5.85206
137. 2(2,3,6) 3(1,6,7)  5.85063333
138. 2(3,4,7) 3(1,2,7)  5.85063333
139. 2(3,6,7,8) 3(1) 4(1) 5.84897333
140. 2(4,6,7,8) 3(1) 4(1) 5.84897333
141. 2(2,6,7) 3(1,6) 4(1) 5.84886
142. 2(1,7,8) 3(1,4) 4(1) 5.84886
143. 2(1,6,8) 3(1,3,5)  5.84836
144. 2(4,6,8) 3(1,3,5)  5.84836
145. 2(1,3,7) 3(1,3,6)  5.84828
146. 2(1,3,8) 3(1,3,6)  5.84828
147. 2(1,2) 3(1,4,5) 4(2) 5.84802
148. 2(1,4) 3(1,2,5) 4(2) 5.84802
149. 2(1,4) 3(1,4,5) 4(2) 5.84802
150. 2(3,4) 3(1,2,5) 4(2) 5.84802
151. 2(4,5,8) 3(1,4) 4(1) 5.84788667
152. 2(3,5,6) 3(1,6) 4(1) 5.84788667
153. 2(1,3,8) 3(1,3,5)  5.84697333
154. 2(2,4,8) 3(1,3,5)  5.84697333
155. 2(3,6) 3(1,2,5,7)  5.84652667
156. 2(4,8) 3(1,3,5,8)  5.84652667
157. 2(1,4,7,8) 3(1,3)  5.84582
158. 2(3,4,7,8) 3(1,3)  5.84582
159. 2(4,7,8) 3(1,2) 4(1) 5.84564
160. 2(3,6,7) 3(1,8) 4(1) 5.84564
161. 2(5,8) 3(1,3,6) 4(1) 5.84488667
162. 2(6,7) 3(1,3,6) 4(1) 5.84488667
163. 2(1) 3(1,2,4,5) 4(2) 5.84359333
164. 2(3) 3(1,2,5,8) 4(2) 5.84359333
165. 2(4) 3(1,2,4,5) 4(2) 5.84359333
166. 2(4) 3(1,2,5,8) 4(2) 5.84359333
167. 2(2,7,8) 3(1,4) 4(1) 5.84335333
168. 2(1,6,7) 3(1,6) 4(1) 5.84335333
169. 2(2,6,8) 3(1,6) 4(1) 5.84328667
170. 2(1,6,8) 3(1,4) 4(1) 5.84328667
171. 2(3,5) 3(1,5) 4(1,2) 5.84307333
172. 2(4,5) 3(1,5) 4(1,2) 5.84307333
173. 2(3,8) 3(1,3,6) 4(1) 5.84276
174. 2(1,7) 3(1,3,6) 4(1) 5.84276
175. 2(1,3) 3(1,2,5) 4(2) 5.84244667
176. 2(2,4) 3(1,4,5) 4(2) 5.84244667
177. 2(6) 3(1,3,5,8) 4(1) 5.84214
178. 2(8) 3(1,2,5,7) 4(1) 5.84214
179. 2(4,8) 3(1,3,5) 4(1) 5.84074
180. 2(1,8) 3(1,3,5) 4(1) 5.84074
181. 2(5) 3(1,3,5) 4(1,2) 5.84062
182. 2(7) 3(1,3,5) 4(1,2) 5.84062
183. 2(2) 3(1,3,6) 4(1,2) 5.84054
184. 2(4,6,7) 3(1,8) 4(1) 5.84013333
185. 2(3,7,8) 3(1,2) 4(1) 5.84013333
186. 2(1,7,8) 3(1,3) 4(1) 5.83965333
187. 2(3,7,8) 3(1,3) 4(1) 5.83965333
188. 2(3,6) 3(1,6,7) 4(1) 5.83954
189. 2(3,7) 3(1,2,7) 4(1) 5.83954
190. 2(1,6,8) 3(1,4,5)  5.83812
191. 2(4,6,8) 3(1,2,5)  5.83812
192. 2(6,7) 3(1,2,7) 4(1) 5.83713333
193. 2(6,7) 3(1,6,7) 4(1) 5.83713333
194. 2(3,7) 3(1,2,4,7)  5.83541333
195. 2(4,7) 3(1,3,6,8)  5.83541333
196. 2(8) 3(1,2,3,5) 4(1) 5.83438667
197. 2(8) 3(1,3,4,5) 4(1) 5.83438667
198. 2(5) 3(1,4,5,8) 4(1) 5.83272667
199. 2(5) 3(1,2,5,6) 4(1) 5.83272667
200. 2(3) 3(1,2,7) 4(1,2) 5.83181333
201. 2(3) 3(1,6,7) 4(1,2) 5.83181333
202. 2(4,5,7) 3(1,3,6)  5.83177333
203. 2(4,6,8) 3(1,3,6)  5.83177333
204. 2(1,7) 3(1,2,4,7)  5.83088
205. 2(2,7) 3(1,3,6,8)  5.83088
206. 2(1,4,8) 3(1,3,5)  5.82836
207. 2(1,7) 3(1,3,5) 4(2) 5.82558667
208. 2(4,5) 3(1,3,5) 4(2) 5.82558667
209. 2(2,8) 3(1,4,5,8)  5.82538667
210. 2(1,6) 3(1,2,5,6)  5.82538667
211. 2(1) 3(1,3,5,8) 4(2) 5.82488667
212. 2(2) 3(1,2,5,7) 4(2) 5.82488667
213. 2(3,6,7) 3(1,6) 4(1) 5.82467333
214. 2(4,7,8) 3(1,4) 4(1) 5.82467333
215. 2(8) 3(1,2,3,5,7)  5.82396667
216. 2(7) 3(1,2,3,5,7)  5.82396667
217. 2(1) 3(1,2,4,5,7)  5.82388667
218. 2(4) 3(1,2,4,5,7)  5.82388667
219. 2(3,5,8) 3(1,5) 4(1) 5.82328
220. 2(4,5,6) 3(1,5) 4(1) 5.82328
221. 2(4) 3(1,2,3,5,7)  5.82258
222. 2(1) 3(1,3,4,5) 4(2) 5.81713333
223. 2(4) 3(1,2,3,5) 4(2) 5.81713333
224. 2(1,3,4,7) 3(1) 4(2) 5.81704
225. 2(2,3,4,7) 3(1) 4(2) 5.81704
226. 2(1,3,7) 3(1,3) 4(2) 5.81682667
227. 2(1,3,8) 3(1,3) 4(2) 5.81682667
228. 2(2,4,7) 3(1,3) 4(2) 5.81682667
229. 2(2,4,8) 3(1,3) 4(2) 5.81682667
230. 2(3,7) 3(1,2,5,8)  5.81679333
231. 2(4,7) 3(1,2,5,8)  5.81679333
232. 2(1,7) 3(1,3,5,8)  5.81605333
233. 2(2,7) 3(1,2,5,7)  5.81605333
234. 2(6,8) 3(1,5) 4(1,2) 5.81504
235. 2(4,8) 3(1,2,5) 4(2) 5.81463333
236. 2(1,8) 3(1,4,5) 4(2) 5.81463333
237. 2(1,4,5,7) 3(1,4)  5.81373333
238. 2(2,3,5,7) 3(1,6)  5.81373333
239. 2(4) 3(1,2,4,5,8)  5.81372667
240. 2(8) 3(1,2,3,5,6)  5.81372667
241. 3(1,2,4,5,7,8)  5.81306
242. 3(1,2,3,5,6,8)  5.81306
243. 2(3,4,5,6) 3(1,6)  5.81282667
244. 2(3,4,5,8) 3(1,4)  5.81282667
245. 2(1,3,4,6) 3(1) 4(2) 5.81153333
246. 2(2,3,4,8) 3(1) 4(2) 5.81153333
247. 2(3,8) 3(1,2,5) 4(2) 5.80912667
248. 2(2,8) 3(1,4,5) 4(2) 5.80912667
249. 2(1,3,5,7) 3(1,6)  5.80816
250. 2(2,4,5,7) 3(1,4)  5.80816
251. 3(1,2,3,5,7) 4(1) 5.80802
252. 2(3,4,5) 3(1,5) 4(2) 5.80602667
253. 2(1,3,5) 3(1,5) 4(2) 5.80596
254. 2(2,4,5) 3(1,5) 4(2) 5.80596
255. 2(1,2,8) 3(1,4,5)  5.80554
256. 2(3,4,8) 3(1,2,5)  5.80554
257. 2(1,3,6,7,8) 3(1)  5.80438667
258. 2(2,4,6,7,8) 3(1)  5.80438667
259. 2(2,7,8) 3(1,3,6)  5.80409333
260. 2(3,5,8) 3(1,3,6)  5.80312
261. 2(1,6,7) 3(1,3,6)  5.80312
262. 2(3,5,7) 3(1,3,6)  5.80305333
263. 2(3,6,8) 3(1,3,6)  5.80305333
264. 2(1,5,7) 3(1,3,6)  5.80305333
265. 2(1,6,8) 3(1,3,6)  5.80305333
266. 2(4,5) 3(1,3,6) 4(2) 5.80278
267. 2(4,6) 3(1,3,6) 4(2) 5.80278
268. 2(3,7,8) 3(1) 4(1,2) 5.80222
269. 2(4,6,7) 3(1) 4(1,2) 5.80222
270. 2(2,6,7) 3(1,6,7)  5.80087333
271. 2(4,6,7) 3(1,2,7)  5.80087333
272. 2(1,3,8) 3(1,2,5)  5.79996667
273. 2(2,4,8) 3(1,4,5)  5.79996667
274. 2(4,8) 3(1,2,5) 4(1) 5.79995333
275. 2(1,8) 3(1,4,5) 4(1) 5.79995333
276. 2(3,5,6) 3(1,6,7)  5.7999
277. 2(3,7,8) 3(1,2,7)  5.7999
278. 2(3,4,7) 3(1,3) 4(2) 5.79821333
279. 2(1,4,8) 3(1,3) 4(2) 5.79821333
280. 2(4,7,8) 3(1,2,3)  5.79765333
281. 2(2,8) 3(1,3,5) 4(2) 5.79686667
282. 2(3,8) 3(1,3,5) 4(2) 5.79686667
283. 2(3,6,8) 3(1) 4(1,2) 5.79664667
284. 2(4,6,8) 3(1) 4(1,2) 5.79664667
285. 2(1) 3(1,2,5,7) 4(2) 5.79616667
286. 2(2) 3(1,3,5,8) 4(2) 5.79616667
287. 2(1,2,6,8) 3(1,5)  5.79515333
288. 2(2,3,6,8) 3(1,5)  5.79515333
289. 2(1,5,7) 3(1,3,5)  5.79467333
290. 2(4,5,7) 3(1,3,5)  5.79467333
291. 2(2,4,7) 3(1,3,6)  5.79459333
292. 2(2,4,8) 3(1,3,6)  5.79459333
293. 2(3,8) 3(1,2,5) 4(1) 5.79444667
294. 2(2,8) 3(1,4,5) 4(1) 5.79444667
295. 2(1,3,5,7) 3(1,5)  5.79430667
296. 2(2,4,5,7) 3(1,5)  5.79430667
297. 2(5,7) 3(1,3,5,7)  5.79384
298. 2(1,4,6) 3(1,3,6)  5.79368667
299. 2(3,4,5) 3(1,3,6)  5.79368667
300. 2(4,7) 3(1,2,5,7)  5.79284
301. 2(3,7) 3(1,3,5,8)  5.79284
302. 2(1) 3(1,2,5) 4(1,2) 5.79222667
303. 2(2) 3(1,4,5) 4(1,2) 5.79222667
304. 2(3) 3(1,2,5) 4(1,2) 5.79222667
305. 2(4) 3(1,4,5) 4(1,2) 5.79222667
306. 2(5,6,7) 3(1,6) 4(1) 5.79109333
307. 2(5,7,8) 3(1,4) 4(1) 5.79109333
308. 2(2,6) 3(1,5) 4(1,2) 5.79016667
309. 2(3,6) 3(1,5) 4(1,2) 5.79016667
310. 2(3,5,7,8) 3(1) 4(1) 5.78978
311. 2(4,5,6,7) 3(1) 4(1) 5.78978
312. 2(1,5,7) 3(1,4) 4(1) 5.7896
313. 2(2,5,7) 3(1,6) 4(1) 5.7896
314. 2(5,6,8) 3(1,5) 4(1) 5.78891333
315. 2(1,3) 3(1,4,5) 4(2) 5.78876
316. 2(2,4) 3(1,2,5) 4(2) 5.78876
317. 2(3,5,8) 3(1,4) 4(1) 5.78869333
318. 2(4,5,6) 3(1,6) 4(1) 5.78869333
319. 2(1,3,7) 3(1) 4(1,2) 5.78818667
320. 2(2,4,7) 3(1) 4(1,2) 5.78818667
321. 2(4,6) 3(1,3,6) 4(1) 5.7881
322. 2(4,5) 3(1,3,6) 4(1) 5.7881
323. 2(1,7) 3(1,2,5,7)  5.78733333
324. 2(2,7) 3(1,3,5,8)  5.78733333
325. 2(3,5) 3(1,2,5,7)  5.78733333
326. 2(4,5) 3(1,3,5,8)  5.78733333
327. 2(3,4,6,7,8) 3(1)  5.78577333
328. 2(1,2,6,7) 3(1,6)  5.78508
329. 2(1,2,7,8) 3(1,4)  5.78508
330. 2(2,3) 3(1,3,6) 4(2) 5.78423333
331. 2(1,2) 3(1,3,6) 4(2) 5.78423333
332. 2(1,3,5,6) 3(1,6)  5.78404
333. 2(2,4,5,8) 3(1,4)  5.78404
334. 2(3,8) 3(1,2,5,8)  5.78256667
335. 2(4,6) 3(1,2,5,8)  5.78256667
336. 3(1,2,4,5,8) 4(1) 5.78191333
337. 3(1,2,3,5,6) 4(2) 5.78191333
338. 2(1,7) 3(1,3,5) 4(1) 5.78154667
339. 2(4,5) 3(1,3,5) 4(1) 5.78154667
340. 2(1,4,6,7) 3(1,3)  5.78112
341. 2(3,4,5,8) 3(1,3)  5.78112
342. 2(1,4,5,7) 3(1,3)  5.78105333
343. 2(1,4,6,8) 3(1,3)  5.78105333
344. 2(3,4,5,7) 3(1,3)  5.78105333
345. 2(3,4,6,8) 3(1,3)  5.78105333
346. 2(1,7,8) 3(1,3,6)  5.77990667
347. 2(3,7,8) 3(1,3,6)  5.77990667
348. 2(6) 3(1,2,4,7) 4(1) 5.77980667
349. 2(8) 3(1,3,6,8) 4(1) 5.77980667
350. 2(4,7) 3(1,3,6) 4(2) 5.77956667
351. 2(4,8) 3(1,3,6) 4(2) 5.77956667
352. 2(7) 3(1,2,4,5,7)  5.77866
353. 2(5) 3(1,2,4,5,7)  5.77866
354. 2(3,4,6,8) 3(1) 4(2) 5.77814667
355. 2(7,8) 3(1,3) 4(1,2) 5.77779333
356. 2(1,3,5,7) 4(1,2) 5.77705333
357. 2(2,4,5,7) 4(1,2) 5.77705333
358. 2(3,6,7) 3(1,2,7)  5.77668667
359. 2(3,6,7) 3(1,6,7)  5.77668667
360. 2(1,3,7,8) 3(1,2)  5.77628667
361. 2(2,4,6,7) 3(1,8)  5.77628667
362. 2(1,5) 3(1,3,5,7)  5.77604
363. 2(2,5) 3(1,3,5,7)  5.77604
364. 2(8) 3(1,2,4,5,8)  5.77557333
365. 2(1) 3(1,2,3,5,6)  5.77557333
366. 2(2,7) 3(1,3,6) 4(2) 5.77503333
367. 2(2,8) 3(1,3,6) 4(2) 5.77503333
368. 2(1,7) 3(1,6) 4(1,2) 5.77452
369. 2(2,7) 3(1,4) 4(1,2) 5.77452
370. 2(1,6) 3(1,3,6) 4(2) 5.77406
371. 2(3,5) 3(1,3,6) 4(2) 5.77406
372. 2(4,7) 3(1,2,7) 4(2) 5.77181333
373. 2(2,6) 3(1,6,7) 4(2) 5.77181333
374. 2(1,3,4,6,7) 3(1)  5.77180667
375. 2(2,3,4,7,8) 3(1)  5.77180667
376. 2(1,3,4) 3(1,3) 4(2) 5.77170667
377. 2(3,5) 3(1,2,5,6)  5.7717
378. 2(4,5) 3(1,4,5,8)  5.7717
379. 2(3,7) 3(1,2) 4(1,2) 5.7713
380. 2(4,7) 3(1,8) 4(1,2) 5.7713
381. 2(4,6) 3(1,3) 4(1,2) 5.77056
382. 2(4,5) 3(1,3) 4(1,2) 5.77056
383. 2(1,4,7) 3(1,3,6)  5.77047333
384. 2(3,4,8) 3(1,3,6)  5.77047333
385. 2(3,4,7) 3(1) 4(1,2) 5.76957333
386. 2(2,5,7) 3(1,5) 4(1) 5.76952667
387. 2(3,5,7) 3(1,5) 4(1) 5.76952667
388. 2(1,4,5) 3(1,3,5)  5.76916667
389. 2(1,4,7) 3(1,3,5)  5.76916667
390. 3(1,2,4,5,8) 4(2) 5.76723333
391. 3(1,2,3,5,6) 4(1) 5.76723333
392. 2(5,7) 3(1,2,5) 4(1) 5.76700667
393. 2(5,7) 3(1,4,5) 4(1) 5.76700667
394. 2(1,4,7,8) 3(1,4)  5.7664
395. 2(2,3,6,7) 3(1,6)  5.7664
396. 2(1,3,4,6,8) 3(1)  5.76623333
397. 2(2,3,4,6,8) 3(1)  5.76623333
398. 2(2,7,8) 3(1,3,5)  5.76602
399. 2(3,5,8) 3(1,3,5)  5.76602
400. 2(1,2,7) 3(1,3,6)  5.76594
401. 2(2,3,8) 3(1,3,6)  5.76594
402. 2(1,5,8) 3(1,4,5)  5.76582
403. 2(4,7,8) 3(1,2,5)  5.76582
404. 2(4,6) 3(1,8) 4(1,2) 5.76579333
405. 2(3,8) 3(1,2) 4(1,2) 5.76579333
406. 2(4,6,7) 3(1,6) 4(1) 5.76548
407. 2(3,7,8) 3(1,4) 4(1) 5.76548
408. 2(1,3,5) 3(1,3,6)  5.7649
409. 2(1,3,6) 3(1,3,6)  5.7649
410. 2(4,8) 3(1,3,6) 4(1) 5.76488667
411. 2(4,7) 3(1,3,6) 4(1) 5.76488667
412. 2(3,4,6) 3(1) 4(1,2) 5.76406667
413. 2(3,4,8) 3(1) 4(1,2) 5.76406667
414. 2(1,4,6) 3(1,3,5)  5.76366
415. 2(3,4,6,8) 3(1) 4(1) 5.76346667
416. 2(2,3,7) 3(1,6,7)  5.76272
417. 2(3,4,6) 3(1,2,7)  5.76272
418. 2(6,7,8) 3(1,4) 4(1) 5.76237333
419. 2(6,7,8) 3(1,6) 4(1) 5.76237333
420. 2(5,6) 3(1,3,6) 4(1) 5.76150667
421. 2(1,6,7,8) 3(1) 4(1) 5.76106
422. 2(2,6,7,8) 3(1) 4(1) 5.76106
423. 2(1,5) 3(1,4,5) 4(2) 5.76094667
424. 2(1,6,7) 3(1,4) 4(1) 5.76094667
425. 2(2,7,8) 3(1,6) 4(1) 5.76094667
426. 2(4,7) 3(1,2,5) 4(2) 5.76094667
427. 2(2,8) 3(1,3,6) 4(1) 5.76035333
428. 2(2,7) 3(1,3,6) 4(1) 5.76035333
429. 2(1,7,8) 3(1,2,5)  5.76031333
430. 2(2,5,8) 3(1,4,5)  5.76031333
431. 2(3,7,8) 3(1,2,5)  5.76031333
432. 2(4,5,8) 3(1,4,5)  5.76031333
433. 2(4,5,6) 3(1,4) 4(1) 5.75997333
434. 2(3,5,8) 3(1,6) 4(1) 5.75997333
435. 2(4,6,8) 3(1,6) 4(1) 5.75990667
436. 2(3,6,8) 3(1,4) 4(1) 5.75990667
437. 2(5) 3(1,2,5,7) 4(1) 5.75973333
438. 2(5) 3(1,3,5,8) 4(1) 5.75973333
439. 2(1,2) 3(1,3,5) 4(2) 5.75945333
440. 2(3,4) 3(1,3,5) 4(2) 5.75945333
441. 2(1,6) 3(1,3,6) 4(1) 5.75938
442. 2(3,5) 3(1,3,6) 4(1) 5.75938
443. 2(1,6) 3(1,2,5,7)  5.75861333
444. 2(2,8) 3(1,3,5,8)  5.75861333
445. 2(1,2,3,5,7,8)  5.75792
446. 2(1,2,4,5,6,7)  5.75792
447. 2(3,7,8) 3(1,8) 4(1) 5.75772667
448. 2(4,6,7) 3(1,2) 4(1) 5.75772667
449. 2(1,3,6) 3(1,6,7)  5.75714667
450. 2(1,3,7) 3(1,2,7)  5.75714667
451. 2(2,6) 3(1,6,7) 4(1) 5.75713333
452. 2(4,7) 3(1,2,7) 4(1) 5.75713333
453. 2(4,5,8) 3(1,3) 4(1) 5.75627333
454. 2(4,6,7) 3(1,3) 4(1) 5.75627333
455. 2(1,7) 3(1,2,5) 4(2) 5.75544
456. 2(4,5) 3(1,4,5) 4(2) 5.75544
457. 2(1,8) 3(1,2,3,5)  5.75539333
458. 2(4,8) 3(1,3,4,5)  5.75539333
459. 2(1,3,5,7) 3(1,4)  5.75447333
460. 2(2,4,5,7) 3(1,6)  5.75447333
461. 2(5,6) 3(1,6,7) 4(1) 5.75375333
462. 2(7,8) 3(1,2,7) 4(1) 5.75375333
463. 2(1,2,6) 3(1,5) 4(2) 5.75312
464. 2(1,2,8) 3(1,5) 4(2) 5.75312
465. 2(2,8) 3(1,3,5) 4(1) 5.75282667
466. 2(3,8) 3(1,3,5) 4(1) 5.75282667
467. 2(3,6,8) 3(1,8) 4(1) 5.75215333
468. 2(4,6,8) 3(1,2) 4(1) 5.75215333
469. 2(1,4,5) 3(1,4,5)  5.75185333
470. 2(1,4,7) 3(1,2,5)  5.75185333
471. 2(2,7,8) 3(1,3) 4(1) 5.75174
472. 2(1,8) 3(1,3,6) 4(2) 5.75084667
473. 2(3,7) 3(1,3,6) 4(2) 5.75084667
474. 2(6) 3(1,2,4,5,7)  5.74994
475. 2(2) 3(1,6,7) 4(1,2) 5.74940667
476. 2(4) 3(1,2,7) 4(1,2) 5.74940667
477. 2(4,5,6) 3(1,3,6)  5.74846
478. 2(3,5) 3(1,3,6,8)  5.7475
479. 2(4,5) 3(1,2,4,7)  5.7475
480. 2(1,8) 3(1,3) 4(1,2) 5.74734667
481. 2(3,7) 3(1,3) 4(1,2) 5.74734667
482. 2(1,5,8) 3(1,3,5)  5.74734
483. 2(4,7,8) 3(1,3,5)  5.74734
484. 2(1,3,7) 3(1,2,5)  5.74628
485. 2(2,4,5) 3(1,4,5)  5.74628
486. 2(1,3,8) 3(1,4,5)  5.74628
487. 2(2,4,8) 3(1,2,5)  5.74628
488. 2(1,5) 3(1,4,5) 4(1) 5.74626667
489. 2(4,7) 3(1,2,5) 4(1) 5.74626667
490. 2(5,7,8) 3(1,3) 4(1) 5.74609333
491. 2(6,7,8) 3(1,3) 4(1) 5.74609333
492. 2(7,8) 3(1,2,3) 4(1) 5.746
493. 2(3,5,7) 3(1) 4(1,2) 5.74296
494. 2(4,5,7) 3(1) 4(1,2) 5.74296
495. 2(1,4,5,6) 3(1,5)  5.74153333
496. 2(2,3,5,8) 3(1,5)  5.74153333
497. 2(3,4,5,6) 3(1,5)  5.74153333
498. 2(3,4,5,8) 3(1,5)  5.74153333
499. 2(1,3,5,6) 3(1,5)  5.74146667
500. 2(1,3,5,8) 3(1,5)  5.74146667
501. 2(2,4,5,6) 3(1,5)  5.74146667
502. 2(2,4,5,8) 3(1,5)  5.74146667
503. 2(1,7) 3(1,2,5) 4(1) 5.74076
504. 2(4,5) 3(1,4,5) 4(1) 5.74076
505. 2(3) 3(1,2,4,5,7)  5.74050667
506. 2(2) 3(1,2,4,5,7)  5.74050667
507. 2(1,2,8) 3(1,3,5)  5.74044667
508. 2(3,4,8) 3(1,3,5)  5.74044667
509. 3(1,2,3,5) 4(1,2) 5.73932667
510. 3(1,3,4,5) 4(1,2) 5.73932667
511. 2(5) 3(1,3,5,7) 4(2) 5.73742
512. 2(4,6,7) 3(1,4) 4(1) 5.73676
513. 2(3,7,8) 3(1,6) 4(1) 5.73676
514. 2(2,3,5,7,8) 4(1) 5.73660667
515. 2(1,3,5,6,7) 4(1) 5.73654
516. 2(2,4,5,6,7) 4(1) 5.73654
517. 2(4,7) 3(1,2,3,8)  5.73652667
518. 2(4,8) 3(1,2,3,4)  5.73652667
519. 2(1,5) 3(1,5) 4(1,2) 5.73648
520. 2(2,5) 3(1,5) 4(1,2) 5.73648
521. 2(3,7) 3(1,3,6) 4(1) 5.73616667
522. 2(1,8) 3(1,3,6) 4(1) 5.73616667
523. 2(5,6,7) 3(1,5) 4(1) 5.73522667
524. 2(6,7) 3(1,6) 4(1,2) 5.73416667
525. 2(7,8) 3(1,4) 4(1,2) 5.73416667
526. 2(1,4,6) 3(1,3) 4(2) 5.73351333
527. 2(3,4,5) 3(1,3) 4(2) 5.73351333
528. 2(3) 3(1,2,5,7,8)  5.73275333
529. 2(4) 3(1,2,3,5,8)  5.73275333
530. 2(1,2,3) 3(1,5) 4(2) 5.73212
531. 2(2,3,4) 3(1,5) 4(2) 5.73212
532. 2(6) 3(1,2,5,8) 4(1) 5.73149333
533. 2(8) 3(1,2,5,8) 4(1) 5.73149333
534. 2(2,6,8) 3(1,4) 4(1) 5.73118667
535. 2(1,6,8) 3(1,6) 4(1) 5.73118667
536. 2(1,5,7) 3(1,4,5)  5.73074667
537. 2(4,5,7) 3(1,2,5)  5.73074667
538. 2(3,4,5,7) 3(1,4)  5.73035333
539. 2(3,4,5,7) 3(1,6)  5.73035333
540. 2(1,2,3,7) 3(1) 4(2) 5.72912667
541. 2(1,2,4,7) 3(1) 4(2) 5.72912667
542. 2(1,7) 3(1,2,4,5)  5.72888
543. 2(4,5) 3(1,2,4,5)  5.72888
544. 2(2,4) 3(1,4) 4(1,2) 5.72859333
545. 2(6,8) 3(1,6) 4(1,2) 5.72859333
546. 2(6) 3(1,3,5) 4(1,2) 5.72852
547. 2(2) 3(1,3,5) 4(1,2) 5.72713333
548. 2(3) 3(1,3,5) 4(1,2) 5.72713333
549. 2(4,6) 3(1,2,5) 4(2) 5.72672
550. 2(1,6) 3(1,4,5) 4(2) 5.72672
551. 2(3,4,5,6,7) 3(1)  5.72658
552. 2(3,4,5,7,8) 3(1)  5.72658
553. 2(1,6,8) 3(1,2,5)  5.72602
554. 2(3,6,8) 3(1,2,5)  5.72602
555. 2(2,6,8) 3(1,4,5)  5.72602
556. 2(4,6,8) 3(1,4,5)  5.72602
557. 2(4,5,8) 3(1,3,6)  5.72524667
558. 2(4,6,7) 3(1,3,6)  5.72524667
559. 2(3,4,5,7) 3(1) 4(2) 5.72446
560. 2(3,4,5,7) 3(1,2)  5.7226
561. 2(3,4,5,7) 3(1,8)  5.7226
562. 2(7) 3(1,2,4,5,8)  5.72188667
563. 2(4) 3(1,2,3,5,6)  5.72188667
564. 2(1,3) 3(1,5) 4(1,2) 5.72181333
565. 2(2,4) 3(1,5) 4(1,2) 5.72181333
566. 2(3,4,5,6,8) 3(1)  5.72107333
567. 2(2,5,7) 3(1,3,6)  5.72064667
568. 2(2,6,8) 3(1,3,6)  5.72064667
569. 2(3,5) 3(1,4) 4(1,2) 5.71986
570. 2(4,5) 3(1,6) 4(1,2) 5.71986
571. 2(1,5) 3(1,3,5) 4(2) 5.71899333
572. 2(4,7) 3(1,3,5) 4(2) 5.71899333
573. 2(2,6) 3(1,4,5,8)  5.71879333
574. 2(3,6) 3(1,2,5,6)  5.71879333
575. 2(6) 3(1,2,5) 4(1,2) 5.71828
576. 2(6) 3(1,4,5) 4(1,2) 5.71828
577. 2(3,5) 3(1,4,5,8)  5.71801333
578. 2(4,5) 3(1,2,5,6)  5.71801333
579. 2(1,4,6) 3(1,2,5)  5.71762667
580. 2(1,4,6) 3(1,4,5)  5.71762667
581. 2(1,5,6) 3(1,5) 4(1) 5.71668667
582. 2(2,5,8) 3(1,5) 4(1) 5.71668667
583. 2(3,5,6) 3(1,5) 4(1) 5.71668667
584. 2(4,5,8) 3(1,5) 4(1) 5.71668667
585. 2(2,4) 3(1,3,5,7)  5.71476
586. 2(1,6,7) 3(1) 4(1,2) 5.71430667
587. 2(2,7,8) 3(1) 4(1,2) 5.71430667
588. 2(5,6) 3(1,4,5) 4(1) 5.71416667
589. 2(5,8) 3(1,2,5) 4(1) 5.71416667
590. 2(6,7) 3(1,2,5) 4(1) 5.71416667
591. 2(7,8) 3(1,4,5) 4(1) 5.71416667
592. 2(1,6) 3(1,3,5) 4(2) 5.71348667
593. 2(4,6) 3(1,3,5) 4(2) 5.71348667
594. 2(1,3,4,5,7) 3(1)  5.71254667
595. 2(2,3,4,5,7) 3(1)  5.71254667
596. 2(4,6) 3(1,2,5) 4(1) 5.71204
597. 2(1,6) 3(1,4,5) 4(1) 5.71204
598. 2(3,5,7) 3(1,2,7)  5.71192
599. 2(3,5,7) 3(1,6,7)  5.71192
600. 2(3,6,8) 3(1,2,7)  5.71192
601. 2(3,6,8) 3(1,6,7)  5.71192
602. 2(2,4,6) 3(1,3,6)  5.71121333
603. 2(2,4,5) 3(1,3,6)  5.71121333
604. 2(6,7) 3(1,2,5,7)  5.71118667
605. 2(7,8) 3(1,3,5,8)  5.71118667
606. 2(1) 3(1,2,3,5,7)  5.71048
607. 2(3) 3(1,2,3,5,7)  5.71048
608. 2(3,4,5,7) 3(1) 4(1) 5.70978
609. 2(5,7) 3(1,5) 4(1,2) 5.70766667
610. 2(6,7) 3(1,3,6,8)  5.70714667
611. 2(7,8) 3(1,2,4,7)  5.70714667
612. 2(3,5,7) 3(1,4) 4(1) 5.70622
613. 2(4,5,7) 3(1,6) 4(1) 5.70622
614. 2(6,8) 3(1,2,5,7)  5.70561333
615. 2(6,8) 3(1,3,5,8)  5.70561333
616. 2(1) 3(1,2,3,5) 4(2) 5.70503333
617. 2(4) 3(1,3,4,5) 4(2) 5.70503333
618. 2(1,3,4,8) 3(1) 4(2) 5.70494
619. 2(2,3,4,6) 3(1) 4(2) 5.70494
620. 2(3,5) 3(1,3,5,8)  5.70492667
621. 2(4,5) 3(1,2,5,7)  5.70492667
622. 2(4,5,7,8) 3(1,3)  5.70490667
623. 2(4,6,7,8) 3(1,3)  5.70490667
624. 2(3,4,5) 3(1) 4(1,2) 5.70487333
625. 2(1,6) 3(1,3,5,8)  5.70395333
626. 2(2,8) 3(1,2,5,7)  5.70395333
627. 2(2,4,6) 3(1,6,7)  5.70346
628. 2(2,4,7) 3(1,2,7)  5.70346
629. 2(1,8) 3(1,2,5) 4(2) 5.70253333
630. 2(4,8) 3(1,4,5) 4(2) 5.70253333
631. 2(4,7,8) 3(1,3,6)  5.70203333
632. 2(1,5) 3(1,3,4,5)  5.70170667
633. 2(4,7) 3(1,2,3,5)  5.70170667
634. 2(1,4,5,6) 3(1,4)  5.7017
635. 2(2,3,5,8) 3(1,6)  5.7017
636. 2(7) 3(1,2,5,7) 4(2) 5.70138667
637. 2(7) 3(1,3,5,8) 4(2) 5.70138667
638. 2(2,7,8) 3(1,2,5)  5.70112
639. 2(3,5,8) 3(1,4,5)  5.70112
640. 2(1,4,5) 3(1,5) 4(2) 5.69943333
641. 2(2,3,5) 3(1,5) 4(2) 5.69943333
642. 2(3,8) 3(1,2,4,5)  5.69918667
643. 2(2,8) 3(1,2,4,5)  5.69918667
644. 2(1,4,8) 3(1,2,5)  5.69894667
645. 2(1,4,8) 3(1,4,5)  5.69894667
646. 2(3,5,7) 3(1,8) 4(1) 5.69846667
647. 2(4,5,7) 3(1,2) 4(1) 5.69846667
648. 3(1,2,3,4,5,7)  5.69797333
649. 2(1,4,6,7,8) 3(1)  5.69786
650. 2(2,3,6,7,8) 3(1)  5.69786
651. 2(2,4) 3(1,4,5,8)  5.69705333
652. 2(6,8) 3(1,2,5,6)  5.69705333
653. 2(1,5) 3(1,4) 4(1,2) 5.69664667
654. 2(2,5) 3(1,6) 4(1,2) 5.69664667
655. 2(5) 3(1,2,4,7) 4(1) 5.69642667
656. 2(5) 3(1,3,6,8) 4(1) 5.69642667
657. 2(1,7) 3(1,2,3,5)  5.6962
658. 2(4,5) 3(1,3,4,5)  5.6962
659. 2(1,4,6,7) 3(1) 4(2) 5.69580667
660. 2(2,3,7,8) 3(1) 4(2) 5.69580667
661. 2(1,3,6,7) 3(1) 4(2) 5.69574
662. 2(1,3,7,8) 3(1) 4(2) 5.69574
663. 2(2,4,6,7) 3(1) 4(2) 5.69574
664. 2(2,4,7,8) 3(1) 4(2) 5.69574
665. 2(3,6,7) 3(1) 4(1,2) 5.69562667
666. 2(4,7,8) 3(1) 4(1,2) 5.69562667
667. 2(1,4,6,7) 3(1,2)  5.69394667
668. 2(2,3,7,8) 3(1,8)  5.69394667
669. 2(1,3,5,7) 3(1,3)  5.69307333
670. 2(1,3,6,8) 3(1,3)  5.69307333
671. 2(2,4,5,7) 3(1,3)  5.69307333
672. 2(2,4,6,8) 3(1,3)  5.69307333
673. 2(1,3,5) 3(1,4,5)  5.69259333
674. 2(2,4,7) 3(1,2,5)  5.69259333
675. 2(3) 3(1,3,6,8) 4(1) 5.6921
676. 2(4) 3(1,2,4,7) 4(1) 5.6921
677. 2(2,4,6,8) 3(1) 4(2) 5.69016667
678. 2(1,3,6,8) 3(1) 4(2) 5.69016667
679. 2(1,8) 3(1,2,5) 4(1) 5.68785333
680. 2(4,8) 3(1,4,5) 4(1) 5.68785333
681. 2(1,2,5,7) 3(1,5)  5.68778
682. 2(2,3,5,7) 3(1,5)  5.68778
683. 2(7) 3(1,2,3,5,8)  5.68752667
684. 2(7) 3(1,2,5,7,8)  5.68752667
685. 2(1,3) 3(1,2,7) 4(2) 5.68752667
686. 2(1,3) 3(1,6,7) 4(2) 5.68752667
687. 2(5,6) 3(1,3,5,7)  5.68731333
688. 2(1,4,5) 3(1,3,6)  5.68709333
689. 2(3,4,6) 3(1,3,6)  5.68709333
690. 2(4,6) 3(1,2,7) 4(2) 5.6839
691. 2(2,7) 3(1,6,7) 4(2) 5.6839
692. 2(1,2,3,7,8) 3(1)  5.68389333
693. 2(1,2,4,6,7) 3(1)  5.68389333
694. 2(1,7) 3(1,2) 4(1,2) 5.68338667
695. 2(2,7) 3(1,8) 4(1,2) 5.68338667
696. 2(3,5,6,7) 3(1) 4(1) 5.68318667
697. 2(4,5,7,8) 3(1) 4(1) 5.68318667
698. 2(2,3,5,6) 3(1,6)  5.68302
699. 2(1,4,5,8) 3(1,4)  5.68302
700. 2(3,5) 3(1,6,7) 4(2) 5.68292667
701. 2(3,8) 3(1,2,7) 4(2) 5.68292667
702. 2(1,6,7) 3(1,3,5)  5.68264
703. 2(4,5,6) 3(1,3,5)  5.68264
704. 2(1,4,7) 3(1) 4(1,2) 5.68166
705. 2(2,3,7) 3(1) 4(1,2) 5.68166
706. 2(1,2,7) 3(1,3,5)  5.68125333
707. 2(3,4,5) 3(1,3,5)  5.68125333
708. 2(1,3,5) 3(1,3,5)  5.68118667
709. 2(2,4,5) 3(1,3,5)  5.68118667
710. 2(1,3,7) 3(1,3,5)  5.68118667
711. 2(2,4,7) 3(1,3,5)  5.68118667
712. 2(1,4,6,7) 3(1) 4(1) 5.68112667
713. 2(2,3,7,8) 3(1) 4(1) 5.68112667
714. 2(1,3,6,7) 3(1) 4(1) 5.68106
715. 2(1,3,7,8) 3(1) 4(1) 5.68106
716. 2(2,4,6,7) 3(1) 4(1) 5.68106
717. 2(2,4,7,8) 3(1) 4(1) 5.68106
718. 2(1,8) 3(1,3,5,8)  5.68074
719. 2(4,8) 3(1,2,5,7)  5.68074
720. 2(2,6) 3(1,2,5,7)  5.68074
721. 2(3,6) 3(1,3,5,8)  5.68074
722. 2(4,8) 3(1,2,3) 4(2) 5.68068
723. 2(4,7) 3(1,2,3) 4(2) 5.68068
724. 2(2,3,5) 3(1,6,7)  5.67934
725. 2(2,3,7) 3(1,2,7)  5.67934
726. 2(3,4,6) 3(1,6,7)  5.67934
727. 2(3,4,8) 3(1,2,7)  5.67934
728. 2(4) 3(1,3,5,8) 4(1) 5.6791
729. 2(3) 3(1,2,5,7) 4(1) 5.6791
730. 2(5,6,8) 3(1,4) 4(1) 5.67899333
731. 2(5,6,8) 3(1,6) 4(1) 5.67899333
732. 2(1,5,6) 3(1,4,5)  5.67790667
733. 2(1,7,8) 3(1,4,5)  5.67790667
734. 2(4,5,8) 3(1,2,5)  5.67790667
735. 2(4,6,7) 3(1,2,5)  5.67790667
736. 2(5) 3(1,2,4,5) 4(1) 5.67780667
737. 2(7) 3(1,2,4,5) 4(1) 5.67780667
738. 2(3,5,6,8) 3(1) 4(1) 5.67768
739. 2(4,5,6,8) 3(1) 4(1) 5.67768
740. 2(1,5,7) 3(1,6) 4(1) 5.6775
741. 2(2,5,7) 3(1,4) 4(1) 5.6775
742. 2(3,4,6,7) 3(1) 4(2) 5.67712667
743. 2(3,4,7,8) 3(1) 4(2) 5.67712667
744. 2(1,4,6) 3(1) 4(1,2) 5.67615333
745. 2(2,3,8) 3(1) 4(1,2) 5.67615333
746. 2(1,3,6) 3(1) 4(1,2) 5.67608667
747. 2(1,3,8) 3(1) 4(1,2) 5.67608667
748. 2(2,4,6) 3(1) 4(1,2) 5.67608667
749. 2(2,4,8) 3(1) 4(1,2) 5.67608667
750. 2(3,6) 3(1,2,5,8)  5.67597333
751. 2(4,8) 3(1,2,5,8)  5.67597333
752. 2(1,3,6,8) 3(1) 4(1) 5.67548667
753. 2(2,4,6,8) 3(1) 4(1) 5.67548667
754. 2(6) 3(1,2,7) 4(1,2) 5.67546
755. 2(7) 3(1,6,7) 4(1,2) 5.67546
756. 2(2,3,6,7) 3(1,8)  5.67526667
757. 2(3,4,6,7) 3(1,2)  5.67526667
758. 2(1,5) 3(1,3,5) 4(1) 5.67495333
759. 2(4,7) 3(1,3,5) 4(1) 5.67495333
760. 2(5,7) 3(1,4) 4(1,2) 5.67490667
761. 2(5,7) 3(1,6) 4(1,2) 5.67490667
762. 2(4,7,8) 3(1,3) 4(2) 5.67471333
763. 2(1,7) 3(1,4,5) 4(2) 5.67303333
764. 2(4,5) 3(1,2,5) 4(2) 5.67303333
765. 2(1,3,7,8) 3(1,6)  5.67291333
766. 2(2,4,6,7) 3(1,4)  5.67291333
767. 2(8) 3(1,3,5,8) 4(2) 5.67266667
768. 2(6) 3(1,2,5,7) 4(2) 5.67266667
769. 2(1,6,7) 3(1,2,5)  5.6724
770. 2(3,5,8) 3(1,2,5)  5.6724
771. 2(2,7,8) 3(1,4,5)  5.6724
772. 2(4,5,6) 3(1,4,5)  5.6724
773. 2(3,4) 3(1,2,5,7)  5.67164667
774. 2(3,4) 3(1,3,5,8)  5.67164667
775. 2(1,4,7) 3(1,2,3)  5.67158667
776. 2(3,4,8) 3(1,2,3)  5.67158667
777. 2(6,7,8) 3(1,2) 4(1) 5.67124
778. 2(6,7,8) 3(1,8) 4(1) 5.67124
779. 2(1,4,5,6) 4(1,2) 5.67059333
780. 2(2,3,5,8) 4(1,2) 5.67059333
781. 2(1,2,5,7) 4(1,2) 5.67052667
782. 2(2,3,5,7) 4(1,2) 5.67052667
783. 2(1,2,7,8) 3(1,3)  5.66999333
784. 2(2,3,7,8) 3(1,3)  5.66999333
785. 2(4,6) 3(1,3,5) 4(1) 5.66944667
786. 2(1,6) 3(1,3,5) 4(1) 5.66944667
787. 2(2,7) 3(1,6,7) 4(1) 5.66922
788. 2(4,6) 3(1,2,7) 4(1) 5.66922
789. 2(5) 3(1,3,4,5) 4(1) 5.6686
790. 2(7) 3(1,2,3,5) 4(1) 5.6686
791. 2(1,6,7) 3(1,3) 4(1) 5.66836
792. 2(3,5,8) 3(1,3) 4(1) 5.66836
793. 2(1,5,7) 3(1,3) 4(1) 5.66829333
794. 2(1,6,8) 3(1,3) 4(1) 5.66829333
795. 2(3,5,7) 3(1,3) 4(1) 5.66829333
796. 2(3,6,8) 3(1,3) 4(1) 5.66829333
797. 2(3,5) 3(1,6,7) 4(1) 5.66824667
798. 2(3,8) 3(1,2,7) 4(1) 5.66824667
799. 2(2,8) 3(1,3,4,5)  5.66748
800. 2(3,8) 3(1,2,3,5)  5.66748
801. 2(1,5) 3(1,3,6) 4(2) 5.66746667
802. 2(3,6) 3(1,3,6) 4(2) 5.66746667
803. 2(2,4) 3(1,3,5,8)  5.66607333
804. 2(1,3) 3(1,2,5,7)  5.66607333
805. 2(4,7) 3(1,2,3) 4(1) 5.666
806. 2(4,8) 3(1,2,3) 4(1) 5.666
807. 2(6,8) 3(1,2,7) 4(1) 5.66577333
808. 2(5,7) 3(1,2,7) 4(1) 5.66577333
809. 2(5,7) 3(1,6,7) 4(1) 5.66577333
810. 2(6,8) 3(1,6,7) 4(1) 5.66577333
811. 2(1,3,4,7) 3(1,3)  5.66536667
812. 2(1,3,4,8) 3(1,3)  5.66536667
813. 2(1,3,4,7,8) 3(1)  5.66521333
814. 2(2,3,4,6,7) 3(1)  5.66521333
815. 2(1,5) 3(1,2,5,6)  5.66510667
816. 2(2,5) 3(1,4,5,8)  5.66510667
817. 2(5) 3(1,2,5) 4(1,2) 5.66459333
818. 2(7) 3(1,4,5) 4(1,2) 5.66459333
819. 2(3,5) 3(1,2,4,7)  5.66412
820. 2(4,5) 3(1,3,6,8)  5.66412
821. 2(1,2,7) 3(1,4,5)  5.66394
822. 2(3,4,5) 3(1,2,5)  5.66394
823. 2(1,4,8) 3(1,3,6)  5.66388
824. 2(3,4,7) 3(1,3,6)  5.66388
825. 2(3,4,6,7) 3(1) 4(1) 5.66244667
826. 2(3,4,7,8) 3(1) 4(1) 5.66244667
827. 2(3,5,6,7) 3(1,6)  5.66128
828. 2(4,5,7,8) 3(1,4)  5.66128
829. 2(3,5,6,8) 3(1,5)  5.65981333
830. 2(4,5,6,8) 3(1,5)  5.65981333
831. 2(1,4) 3(1,2,4,5)  5.65980667
832. 2(3,4) 3(1,2,5,8)  5.65980667
833. 2(3,6) 3(1,2,7) 4(2) 5.65971333
834. 2(3,7) 3(1,6,7) 4(2) 5.65971333
835. 2(2,7) 3(1,3) 4(1,2) 5.65943333
836. 2(2,8) 3(1,3) 4(1,2) 5.65943333
837. 2(2,5,8) 3(1,3,5)  5.65942667
838. 2(3,7,8) 3(1,3,5)  5.65942667
839. 2(1,2,8) 3(1,3,6)  5.65934667
840. 2(2,3,7) 3(1,3,6)  5.65934667
841. 2(2,5,6) 3(1,6) 4(1) 5.65888667
842. 2(1,5,8) 3(1,4) 4(1) 5.65888667
843. 2(6) 3(1,2,5,7,8)  5.65880667
844. 2(8) 3(1,2,3,5,8)  5.65880667
845. 2(1,7) 3(1,4,5) 4(1) 5.65835333
846. 2(4,5) 3(1,2,5) 4(1) 5.65835333
847. 2(4) 3(1,2,3) 4(1,2) 5.65827333
848. 2(1,2,4,7) 3(1,4)  5.65674667
849. 2(2,6,7,8) 3(1,6)  5.65674667
850. 2(3,5,6,8) 3(1,6)  5.65577333
851. 2(4,5,6,8) 3(1,4)  5.65577333
852. 2(2,5,6,7,8) 4(1) 5.65562667
853. 2(1,4) 3(1,3) 4(1,2) 5.65487333
854. 2(3,4) 3(1,3) 4(1,2) 5.65487333
855. 2(5,6) 3(1,5) 4(1,2) 5.65482667
856. 2(5,8) 3(1,5) 4(1,2) 5.65482667
857. 2(2,6,8) 3(1,3,5)  5.65385333
858. 2(3,6,8) 3(1,3,5)  5.65385333
859. 2(2,3,4,7) 3(1,8)  5.65352667
860. 2(4,6,7,8) 3(1,2)  5.65352667
861. 2(2,5,8) 3(1,4) 4(1) 5.65338
862. 2(1,5,6) 3(1,6) 4(1) 5.65338
863. 2(3,6) 3(1,3,6) 4(1) 5.65278667
864. 2(1,5) 3(1,3,6) 4(1) 5.65278667
865. 2(2,3,8) 3(1,3,5)  5.65253333
866. 2(5,7) 3(1,2,5,7)  5.65192667
867. 2(5,7) 3(1,3,5,8)  5.65192667
868. 2(1,2,3,5,6,7)  5.65132667
869. 2(2,3,4,5,6,7)  5.65132667
870. 2(5,6) 3(1,6) 4(1,2) 5.65078667
871. 2(5,8) 3(1,4) 4(1,2) 5.65078667
872. 2(2,5) 3(1,4,5) 4(2) 5.64884667
873. 2(3,7) 3(1,2,5) 4(2) 5.64884667
874. 2(3) 3(1,2,4,5,8)  5.64794
875. 2(1) 3(1,2,4,5,8)  5.64794
876. 2(5) 3(1,2,3,5,6)  5.64794
877. 2(7) 3(1,2,3,5,6)  5.64794
878. 2(2,3,6) 3(1,5) 4(2) 5.64652667
879. 2(1,3,4,5) 3(1) 4(2) 5.64574667
880. 2(2,3,4,5) 3(1) 4(2) 5.64574667
881. 2(1,7,8) 3(1,2) 4(1) 5.64562667
882. 2(2,6,7) 3(1,8) 4(1) 5.64562667
883. 2(1,7) 3(1,2,5,8)  5.6455
884. 2(2,7) 3(1,2,5,8)  5.6455
885. 2(1,2,5) 3(1,4,5)  5.64526
886. 2(3,4,7) 3(1,2,5)  5.64526
887. 2(3,6) 3(1,2,7) 4(1) 5.64503333
888. 2(3,7) 3(1,6,7) 4(1) 5.64503333
889. 2(8) 3(1,2,4,5) 4(2) 5.64378667
890. 2(1,3,6) 3(1,6) 4(1) 5.64348
891. 2(2,4,8) 3(1,4) 4(1) 5.64348
892. 2(3,8) 3(1,4,5) 4(2) 5.64334
893. 2(2,8) 3(1,2,5) 4(2) 5.64334
894. 2(6,7) 3(1,8) 4(1,2) 5.64303333
895. 2(7,8) 3(1,2) 4(1,2) 5.64303333
896. 2(3,6) 3(1,2,4,7)  5.64090667
897. 2(2,6) 3(1,3,6,8)  5.64090667
898. 2(3,6,8) 3(1,2) 4(1) 5.64005333
899. 2(4,6,8) 3(1,8) 4(1) 5.64005333
900. 2(2) 3(1,3,5,7) 4(1) 5.63916
901. 2(1,4,5,6,7) 3(1)  5.63866667
902. 2(2,3,5,7,8) 3(1)  5.63866667
903. 2(1,3,5,6,7) 3(1)  5.6386
904. 2(1,3,5,7,8) 3(1)  5.6386
905. 2(2,4,5,6,7) 3(1)  5.6386
906. 2(2,4,5,7,8) 3(1)  5.6386
907. 2(1,3,5,7) 3(1) 4(2) 5.63648
908. 2(2,4,5,7) 3(1) 4(2) 5.63648
909. 2(1,6) 3(1,2,4,7)  5.63637333
910. 2(2,8) 3(1,3,6,8)  5.63637333
911. 2(5,6) 3(1,3,5) 4(1) 5.63578
912. 2(6,7) 3(1,3,5) 4(1) 5.63578
913. 2(2,3,8) 3(1,4,5)  5.63424667
914. 2(2,3,8) 3(1,2,5)  5.63424667
915. 2(2,5) 3(1,4,5) 4(1) 5.63416667
916. 2(3,7) 3(1,2,5) 4(1) 5.63416667
917. 2(2,4) 3(1,2,7) 4(2) 5.63384
918. 2(2,4) 3(1,6,7) 4(2) 5.63384
919. 2(3,6,7,8) 3(1,6)  5.63256
920. 2(4,6,7,8) 3(1,4)  5.63256
921. 2(2,7) 3(1,3,5) 4(2) 5.63108
922. 2(3,5) 3(1,3,5) 4(2) 5.63108
923. 2(3,5,8) 3(1) 4(1,2) 5.63092667
924. 2(4,5,6) 3(1) 4(1,2) 5.63092667
925. 2(1,2,5,6,7) 4(1) 5.63001333
926. 2(1,2,5,7,8) 4(1) 5.63001333
927. 2(2,4,5,6,7,8)  5.62958667
928. 2(2,5,7) 3(1,6,7)  5.62951333
929. 2(2,6,8) 3(1,6,7)  5.62951333
930. 2(4,5,7) 3(1,2,7)  5.62951333
931. 2(4,6,8) 3(1,2,7)  5.62951333
932. 2(5) 3(1,2,3,5,7)  5.62946
933. 2(6) 3(1,2,3,5,7)  5.62946
934. 2(2,8) 3(1,2,5) 4(1) 5.62866
935. 2(3,8) 3(1,4,5) 4(1) 5.62866
936. 2(6,7) 3(1,3,5,8)  5.62780667
937. 2(7,8) 3(1,2,5,7)  5.62780667
938. 3(1,2,5,7,8) 4(2) 5.62699333
939. 3(1,2,3,5,8) 4(2) 5.62699333
940. 2(1,4,5) 3(1,3) 4(2) 5.62692
941. 2(3,4,6) 3(1,3) 4(2) 5.62692
942. 2(2) 3(1,2,5) 4(1,2) 5.62644
943. 2(3) 3(1,4,5) 4(1,2) 5.62644
944. 2(2,6,8) 3(1,5) 4(2) 5.62404667
945. 2(3,6,8) 3(1,5) 4(2) 5.62404667
946. 2(1,2,7) 3(1,3) 4(2) 5.62238667
947. 2(2,3,8) 3(1,3) 4(2) 5.62238667
948. 2(1,5) 3(1,2,4,5)  5.62228667
949. 2(4,7) 3(1,2,4,5)  5.62228667
950. 2(1,3,5,7) 3(1) 4(1) 5.6218
951. 2(2,4,5,7) 3(1) 4(1) 5.6218
952. 2(1,2,3,8) 3(1,5)  5.62027333
953. 2(1,2,4,6) 3(1,5)  5.62027333
954. 2(5,8) 3(1,3,4,5)  5.62005333
955. 2(7,8) 3(1,2,3,5)  5.62005333
956. 2(1,2,5,7) 3(1,4)  5.61922667
957. 2(1,2,5,7) 3(1,6)  5.61922667
958. 2(6,8) 3(1,2,4,7)  5.61916667
959. 2(2,4) 3(1,3,6,8)  5.61916667
960. 2(5,7) 3(1,2,4,7)  5.61916667
961. 2(5,7) 3(1,3,6,8)  5.61916667
962. 2(1,5,7) 3(1,2,5)  5.61864667
963. 2(2,5,7) 3(1,4,5)  5.61864667
964. 2(3,5,7) 3(1,2,5)  5.61864667
965. 2(4,5,7) 3(1,4,5)  5.61864667
966. 2(1,4,5,6) 3(1,6)  5.61832
967. 2(2,3,5,8) 3(1,4)  5.61832
968. 2(1,2,3,8) 3(1) 4(2) 5.61702667
969. 2(1,2,4,6) 3(1) 4(2) 5.61702667
970. 2(1,6,7,8) 3(1,3)  5.61699333
971. 2(3,5,7,8) 3(1,3)  5.61699333
972. 2(1,2) 3(1,5) 4(1,2) 5.61528667
973. 2(2,3) 3(1,5) 4(1,2) 5.61528667
974. 2(1,6) 3(1,2,5) 4(2) 5.61462
975. 2(4,6) 3(1,4,5) 4(2) 5.61462
976. 2(2,5,8) 3(1,3,6)  5.61412
977. 2(2,6,7) 3(1,3,6)  5.61412
978. 2(4,5) 3(1,2,3,5)  5.61379333
979. 2(1,7) 3(1,3,4,5)  5.61379333
980. 2(1,5,6) 3(1,3,6)  5.61314667
981. 2(3,5,6) 3(1,3,6)  5.61314667
982. 2(3,4,5,6) 3(1) 4(2) 5.61242667
983. 2(3,4,5,8) 3(1) 4(2) 5.61242667
984. 2(1,3) 3(1,3,5,8)  5.61238667
985. 2(2,4) 3(1,2,5,7)  5.61238667
986. 3(1,2,5,7,8) 4(1) 5.61231333
987. 3(1,2,3,5,8) 4(1) 5.61231333
988. 2(2,5) 3(1,2,5,6)  5.61142
989. 2(1,5) 3(1,4,5,8)  5.61142
990. 2(1,2,6) 3(1,4,5)  5.61103333
991. 2(3,4,6) 3(1,2,5)  5.61103333
992. 2(2,5,6) 3(1,6,7)  5.6109
993. 2(4,7,8) 3(1,2,7)  5.6109
994. 2(3,4,5,6) 3(1,8)  5.61056667
995. 2(3,4,5,8) 3(1,2)  5.61056667
996. 2(1,5,8) 3(1,5) 4(1) 5.61009333
997. 2(2,5,6) 3(1,5) 4(1) 5.61009333
998. 2(1,2,6,7,8) 3(1)  5.60994667
999. 2(4,5,7) 3(1,3) 4(2) 5.60994667
1000. 2(4,6,8) 3(1,3) 4(2) 5.60994667
1001. 2(2,3) 3(1,2,7) 4(2) 5.60972
1002. 2(3,4) 3(1,6,7) 4(2) 5.60972
1003. 2(4) 3(1,3,6,8) 4(1) 5.60872
1004. 2(3) 3(1,2,4,7) 4(1) 5.60872
1005. 2(2,3) 3(1,3,5,7)  5.60823333
1006. 2(1,7,8) 3(1) 4(1,2) 5.60771333
1007. 2(2,6,7) 3(1) 4(1,2) 5.60771333
1008. 2(5,7) 3(1,3) 4(1,2) 5.60643333
1009. 2(6,8) 3(1,3) 4(1,2) 5.60643333
1010. 2(1,5,6,7) 3(1,5)  5.60612667
1011. 2(2,5,7,8) 3(1,5)  5.60612667
1012. 2(1,3,6) 3(1,2,5)  5.60546
1013. 2(2,4,6) 3(1,4,5)  5.60546
1014. 2(2) 3(1,4,5,8) 4(1) 5.6042
1015. 2(3) 3(1,2,5,6) 4(1) 5.6042
1016. 2(1,6,8) 3(1) 4(1,2) 5.60214
1017. 2(2,6,8) 3(1) 4(1,2) 5.60214
1018. 2(3,5,7,8) 3(1,4)  5.60208667
1019. 2(4,5,6,7) 3(1,6)  5.60208667
1020. 2(1,4) 3(1,2,3) 4(2) 5.60196667
1021. 2(3,4) 3(1,2,3) 4(2) 5.60196667
1022. 2(1,6,7) 3(1,2,7)  5.60086
1023. 2(1,6,7) 3(1,6,7)  5.60086
1024. 2(2,7) 3(1,2,7) 4(2) 5.60052
1025. 2(4,6) 3(1,6,7) 4(2) 5.60052
1026. 2(1,3,4,5,6) 3(1)  5.60051333
1027. 2(2,3,4,5,8) 3(1)  5.60051333
1028. 2(2,5,7) 3(1,3,5)  5.60016667
1029. 2(3,5,7) 3(1,3,5)  5.60016667
1030. 2(1,6) 3(1,2,5) 4(1) 5.59994
1031. 2(4,6) 3(1,4,5) 4(1) 5.59994
1032. 2(3,4,5,6) 3(1) 4(1) 5.59774667
1033. 2(3,4,5,8) 3(1) 4(1) 5.59774667
1034. 2(1,7,8) 3(1,2,3)  5.59764
1035. 2(3,7,8) 3(1,2,3)  5.59764
1036. 2(7) 3(1,2,3,8) 4(1) 5.59754
1037. 2(8) 3(1,2,3,4) 4(1) 5.59754
1038. 2(3) 3(1,3,5,8) 4(1) 5.59669333
1039. 2(4) 3(1,2,5,7) 4(1) 5.59669333
1040. 2(5,6,7) 3(1,4) 4(1) 5.59658667
1041. 2(5,7,8) 3(1,6) 4(1) 5.59658667
1042. 2(6,7) 3(1,2,4,7)  5.59602
1043. 2(7,8) 3(1,3,6,8)  5.59602
1044. 2(1,5,6,7) 3(1) 4(1) 5.59527333
1045. 2(2,5,7,8) 3(1) 4(1) 5.59527333
1046. 2(1,2,7) 3(1) 4(1,2) 5.59374667
1047. 2(1,4,7) 3(1,3) 4(1) 5.59323333
1048. 2(3,4,8) 3(1,3) 4(1) 5.59323333
1049. 2(1,2,5) 3(1,5) 4(2) 5.59284
1050. 2(5) 3(1,6,7) 4(1,2) 5.59208
1051. 2(8) 3(1,2,7) 4(1,2) 5.59208
1052. 2(2,3,8) 3(1,6,7)  5.59142667
1053. 2(3,4,5) 3(1,2,7)  5.59142667
1054. 2(1,2,6,7) 3(1,4)  5.59057333
1055. 2(1,2,7,8) 3(1,6)  5.59057333
1056. 2(7) 3(1,2,5,8) 4(2) 5.5901
1057. 2(1,6,7) 3(1,4,5)  5.58999333
1058. 2(4,5,6) 3(1,2,5)  5.58999333
1059. 2(3,6,7) 3(1,3,6)  5.58993333
1060. 2(1,5,8) 3(1,3,6)  5.58993333
1061. 2(1,3,8) 3(1,4) 4(1) 5.58979333
1062. 2(2,4,6) 3(1,6) 4(1) 5.58979333
1063. 2(5,7) 3(1,2,5,6)  5.58968
1064. 2(5,7) 3(1,4,5,8)  5.58968
1065. 2(3,5) 3(1,4,5) 4(2) 5.58965333
1066. 2(2,7) 3(1,2,5) 4(2) 5.58965333
1067. 2(1,3,5,8) 3(1,6)  5.58953333
1068. 2(2,4,5,6) 3(1,4)  5.58953333
1069. 2(6) 3(1,3,5,8) 4(2) 5.58928667
1070. 2(8) 3(1,2,5,7) 4(2) 5.58928667
1071. 2(1,4) 3(1,3,5,8)  5.58826667
1072. 2(2,3) 3(1,2,5,7)  5.58826667
1073. 2(1,6) 3(1,2,4,5)  5.58806
1074. 2(4,6) 3(1,2,4,5)  5.58806
1075. 2(2,7) 3(1,3,5) 4(1) 5.58704
1076. 2(3,5) 3(1,3,5) 4(1) 5.58704
1077. 2(1,7,8) 3(1,3) 4(2) 5.5868
1078. 2(3,7,8) 3(1,3) 4(2) 5.5868
1079. 2(1,3,5,8) 3(1,3)  5.58654667
1080. 2(1,3,6,7) 3(1,3)  5.58654667
1081. 2(2,4,5,8) 3(1,3)  5.58654667
1082. 2(2,4,6,7) 3(1,3)  5.58654667
1083. 2(1,6,7) 3(1,8) 4(1) 5.58643333
1084. 2(2,7,8) 3(1,2) 4(1) 5.58643333
1085. 2(3,5,7) 3(1,2) 4(1) 5.58636667
1086. 2(4,5,7) 3(1,8) 4(1) 5.58636667
1087. 2(2,7) 3(1,2,7) 4(1) 5.58584
1088. 2(4,6) 3(1,6,7) 4(1) 5.58584
1089. 2(2,6) 3(1,3,6) 4(2) 5.58506
1090. 2(2,5) 3(1,3,6) 4(2) 5.58506
1091. 2(4,5,6) 3(1,3) 4(1) 5.58498
1092. 2(1,5) 3(1,6) 4(1,2) 5.58454667
1093. 2(2,5) 3(1,4) 4(1,2) 5.58454667
1094. 2(7) 3(1,2,3) 4(1,2) 5.58432667
1095. 2(8) 3(1,2,3) 4(1,2) 5.58432667
1096. 2(1,4,6,8) 3(1) 4(2) 5.58364
1097. 2(2,3,6,8) 3(1) 4(2) 5.58364
1098. 2(1,3,6,7) 3(1,2)  5.58178
1099. 2(2,4,7,8) 3(1,8)  5.58178
1100. 2(8) 3(1,2,3,5) 4(2) 5.58153333
1101. 2(8) 3(1,3,4,5) 4(2) 5.58153333
1102. 2(6) 3(1,2,4,5,8)  5.58106667
1103. 2(3) 3(1,2,3,5,6)  5.58106667
1104. 2(1,2,7) 3(1,2,5)  5.58056
1105. 2(3,4,5) 3(1,4,5)  5.58056
1106. 2(1,4) 3(1,2,3,5)  5.58051333
1107. 2(1,4) 3(1,3,4,5)  5.58051333
1108. 2(1,5,7,8) 3(1,4)  5.57887333
1109. 2(2,5,6,7) 3(1,6)  5.57887333
1110. 2(1,2,4,7) 3(1,3)  5.57745333
1111. 2(2,3,4,8) 3(1,3)  5.57745333
1112. 2(1,2,3,6,7) 3(1)  5.5773
1113. 2(1,2,4,7,8) 3(1)  5.5773
1114. 2(1,2,4) 3(1,3) 4(2) 5.5772
1115. 2(2,3,4) 3(1,3) 4(2) 5.5772
1116. 2(7,8) 3(1,2,5,8)  5.57642667
1117. 2(5,8) 3(1,2,4,5)  5.57642667
1118. 2(6,7) 3(1,2,5,8)  5.57642667
1119. 2(7,8) 3(1,2,4,5)  5.57642667
1120. 2(1,3,6,8) 3(1,2)  5.57620667
1121. 2(2,4,6,8) 3(1,8)  5.57620667
1122. 2(1,6) 3(1,3) 4(1,2) 5.57605333
1123. 2(3,5) 3(1,3) 4(1,2) 5.57605333
1124. 2(1,5,6) 3(1,3,5)  5.57604667
1125. 2(4,6,7) 3(1,3,5)  5.57604667
1126. 2(1,2,6) 3(1,3,6)  5.57596667
1127. 2(2,3,5) 3(1,3,6)  5.57596667
1128. 2(2,7) 3(1,2,5) 4(1) 5.57497333
1129. 2(3,5) 3(1,4,5) 4(1) 5.57497333
1130. 2(1,5,6,7) 3(1,6)  5.57336667
1131. 2(2,5,7,8) 3(1,4)  5.57336667
1132. 2(3,5,7,8) 3(1,6)  5.57336667
1133. 2(4,5,6,7) 3(1,4)  5.57336667
1134. 2(1,6) 3(1,6,7) 4(2) 5.5718
1135. 2(1,7) 3(1,2,7) 4(2) 5.5718
1136. 2(1,2,3,6,8) 3(1)  5.57172667
1137. 2(1,2,4,6,8) 3(1)  5.57172667
1138. 2(1,5,6) 3(1,4) 4(1) 5.57097333
1139. 2(2,5,8) 3(1,6) 4(1) 5.57097333
1140. 2(3,5,8) 3(1,5) 4(2) 5.57042667
1141. 2(4,5,6) 3(1,5) 4(2) 5.57042667
1142. 2(2,6) 3(1,3,6) 4(1) 5.57038
1143. 2(2,5) 3(1,3,6) 4(1) 5.57038
1144. 2(1,2) 3(1,2,5) 4(2) 5.57013333
1145. 2(2,3) 3(1,4,5) 4(2) 5.57013333
1146. 2(2,3) 3(1,2,5) 4(2) 5.57013333
1147. 2(3,4) 3(1,4,5) 4(2) 5.57013333
1148. 2(2,4,6) 3(1,3,5)  5.56908667
1149. 2(1,3,6) 3(1,3,5)  5.56908667
1150. 2(1,4,6,8) 3(1) 4(1) 5.56896
1151. 2(2,3,6,8) 3(1) 4(1) 5.56896
1152. 2(1,8) 3(1,2,5,7)  5.56864
1153. 2(2,6) 3(1,3,5,8)  5.56864
1154. 2(1,2,6) 3(1,6,7)  5.56821333
1155. 2(1,4,7) 3(1,2,7)  5.56821333
1156. 2(1,4,5,8) 3(1,3)  5.56793333
1157. 2(3,4,6,7) 3(1,3)  5.56793333
1158. 2(8) 3(1,2,3,4,5)  5.56767333
1159. 2(1,3) 3(1,3) 4(1,2) 5.56689333
1160. 2(2,4) 3(1,3) 4(1,2) 5.56689333
1161. 2(1,4,7) 3(1,4) 4(1) 5.56664667
1162. 2(2,3,7) 3(1,6) 4(1) 5.56664667
1163. 2(1,3,4,5) 3(1,5)  5.56658667
1164. 2(2,3,4,5) 3(1,5)  5.56658667
1165. 2(1) 3(1,2,5,8) 4(2) 5.56570667
1166. 2(2) 3(1,2,5,8) 4(2) 5.56570667
1167. 2(3) 3(1,2,4,5) 4(2) 5.56570667
1168. 2(2) 3(1,2,4,5) 4(2) 5.56570667
1169. 2(3,4,6) 3(1,6) 4(1) 5.56567333
1170. 2(3,4,8) 3(1,4) 4(1) 5.56567333
1171. 2(1,4,8) 3(1,2,3)  5.56499333
1172. 2(3,4,7) 3(1,2,3)  5.56499333
1173. 2(2,3) 3(1,3,5) 4(2) 5.56494667
1174. 2(3,4,7) 3(1,2) 4(1) 5.56342667
1175. 2(3,4,7) 3(1,8) 4(1) 5.56342667
1176. 2(1,3,6) 3(1,2,7)  5.56264
1177. 2(1,3,7) 3(1,6,7)  5.56264
1178. 2(1) 3(1,2,4,5) 4(1) 5.56138
1179. 2(3) 3(1,2,5,8) 4(1) 5.56138
1180. 2(4) 3(1,2,4,5) 4(1) 5.56138
1181. 2(4) 3(1,2,5,8) 4(1) 5.56138
1182. 2(1,4,6) 3(1,4) 4(1) 5.56114
1183. 2(2,3,8) 3(1,6) 4(1) 5.56114
1184. 2(1,3,7) 3(1,6) 4(1) 5.56107333
1185. 2(2,4,7) 3(1,4) 4(1) 5.56107333
1186. 2(2,7) 3(1,4,5) 4(2) 5.56093333
1187. 2(3,5) 3(1,2,5) 4(2) 5.56093333
1188. 2(3,6,8) 3(1,4,5)  5.56023333
1189. 2(2,6,8) 3(1,2,5)  5.56023333
1190. 2(3,4,6) 3(1,8) 4(1) 5.55792
1191. 2(3,4,8) 3(1,2) 4(1) 5.55792
1192. 2(1,6,7) 3(1,2) 4(1) 5.55771333
1193. 2(2,7,8) 3(1,8) 4(1) 5.55771333
1194. 2(1,4,5) 3(1,2,5)  5.55734667
1195. 2(1,4,7) 3(1,4,5)  5.55734667
1196. 2(1,6) 3(1,6,7) 4(1) 5.55712
1197. 2(1,7) 3(1,2,7) 4(1) 5.55712
1198. 2(2,6) 3(1,4) 4(1,2) 5.55582667
1199. 2(1,8) 3(1,6) 4(1,2) 5.55582667
1200. 2(1,5,6,8) 3(1,5)  5.55322
1201. 2(2,5,6,8) 3(1,5)  5.55322
1202. 2(1,3,5) 3(1,2,5)  5.55177333
1203. 2(1,3,6) 3(1,4,5)  5.55177333
1204. 2(2,4,6) 3(1,2,5)  5.55177333
1205. 2(2,4,7) 3(1,4,5)  5.55177333
1206. 2(2) 3(1,2,5,6) 4(1) 5.55051333
1207. 2(3) 3(1,4,5,8) 4(1) 5.55051333
1208. 2(1,5,7) 3(1) 4(1,2) 5.54845333
1209. 2(2,5,7) 3(1) 4(1,2) 5.54845333
1210. 2(2,3,8) 3(1,5) 4(1) 5.54814
1211. 2(1,3,6) 3(1,5) 4(1) 5.54807333
1212. 2(2,4,6) 3(1,5) 4(1) 5.54807333
1213. 2(2,7) 3(1,4,5) 4(1) 5.54625333
1214. 2(3,5) 3(1,2,5) 4(1) 5.54625333
1215. 2(2,7,8) 3(1,2,7)  5.5462
1216. 2(4,5,6) 3(1,6,7)  5.5462
1217. 2(2) 3(1,2,3,5,7)  5.54469333
1218. 2(1,6,7,8) 3(1,6)  5.54464667
1219. 2(2,6,7,8) 3(1,4)  5.54464667
1220. 2(1,4,8) 3(1,4) 4(1) 5.54246
1221. 2(2,3,6) 3(1,6) 4(1) 5.54246
1222. 2(1,5,6,7) 4(1,2) 5.54226
1223. 2(2,5,7,8) 4(1,2) 5.54226
1224. 2(1,7,8) 3(1,6) 4(1) 5.54225333
1225. 2(2,6,7) 3(1,4) 4(1) 5.54225333
1226. 2(6,8) 3(1,2,4,5)  5.54213333
1227. 2(6,8) 3(1,2,5,8)  5.54213333
1228. 2(3,7) 3(1,2,3,8)  5.54202
1229. 2(4,7) 3(1,2,3,4)  5.54202
1230. 2(3,6,7,8) 3(1,2)  5.54142667
1231. 2(4,6,7,8) 3(1,8)  5.54142667
1232. 2(6,7) 3(1,4) 4(1,2) 5.53966
1233. 2(7,8) 3(1,6) 4(1,2) 5.53966
1234. 2(3,6,7) 3(1,2) 4(1) 5.53903333
1235. 2(4,7,8) 3(1,8) 4(1) 5.53903333
1236. 2(1,3,5) 3(1,3) 4(2) 5.53894
1237. 2(1,3,6) 3(1,3) 4(2) 5.53894
1238. 2(2,4,5) 3(1,3) 4(2) 5.53894
1239. 2(2,4,6) 3(1,3) 4(2) 5.53894
1240. 2(4,5,7) 3(1,2,3)  5.53838
1241. 2(4,6,8) 3(1,2,3)  5.53838
1242. 2(3) 3(1,2,3,5,8)  5.53824667
1243. 2(4) 3(1,2,5,7,8)  5.53824667
1244. 2(6) 3(1,2,4,5) 4(1) 5.53698667
1245. 2(5,6) 3(1,4,5,8)  5.53684
1246. 2(5,8) 3(1,2,5,6)  5.53684
1247. 2(5,8) 3(1,4,5,8)  5.53684
1248. 2(5,6) 3(1,2,5,6)  5.53684
1249. 2(1,4,5,7) 3(1,6)  5.53584667
1250. 2(2,3,5,7) 3(1,4)  5.53584667
1251. 2(2) 3(1,2,4,5,8)  5.53584
1252. 2(6) 3(1,2,3,5,6)  5.53584
1253. 2(3,5) 3(1,2,5,8)  5.53437333
1254. 2(4,5) 3(1,2,5,8)  5.53437333
1255. 2(4,5,6,7) 3(1,3)  5.53361333
1256. 2(4,5,6,8) 3(1,3)  5.53361333
1257. 2(1,4,5,7) 3(1) 4(2) 5.52995333
1258. 2(2,3,5,7) 3(1) 4(2) 5.52995333
1259. 2(1,2,5,6) 3(1,5)  5.52834667
1260. 2(1,2,5,8) 3(1,5)  5.52834667
1261. 2(1,4,5,8) 3(1,5)  5.52834667
1262. 2(2,3,5,6) 3(1,5)  5.52834667
1263. 2(1,4,5,7) 3(1,2)  5.52809333
1264. 2(2,3,5,7) 3(1,8)  5.52809333
1265. 2(3,4,8) 3(1,4,5)  5.52765333
1266. 2(1,2,8) 3(1,2,5)  5.52765333
1267. 3(1,2,3,4,5,8)  5.52742
1268. 3(1,2,3,4,5,6)  5.52742
1269. 2(2) 3(1,2,3,5,6)  5.52738
1270. 2(5) 3(1,2,4,5,8)  5.52738
1271. 2(1,3,5,6,8) 3(1)  5.5265
1272. 2(2,4,5,6,8) 3(1)  5.5265
1273. 2(2,5) 3(1,3,5) 4(2) 5.52448667
1274. 2(3,7) 3(1,3,5) 4(2) 5.52448667
1275. 2(3,5,6) 3(1) 4(1,2) 5.52433333
1276. 2(4,5,8) 3(1) 4(1,2) 5.52433333
1277. 2(2,3,5,6,7) 4(1) 5.52342
1278. 2(2,3,5,6,7,8)  5.52306
1279. 2(2,6,7) 3(1,2,7)  5.52298667
1280. 2(4,6,7) 3(1,6,7)  5.52298667
1281. 2(1,3,5,7) 3(1,2)  5.52252
1282. 2(2,4,5,7) 3(1,8)  5.52252
1283. 2(5,6) 3(1,2,5) 4(1) 5.51966
1284. 2(6,7) 3(1,4,5) 4(1) 5.51966
1285. 2(1,2,3,5,7) 3(1)  5.51804
1286. 2(1,2,4,5,7) 3(1)  5.51804
1287. 2(3,5) 3(1,8) 4(1,2) 5.5176
1288. 2(4,5) 3(1,2) 4(1,2) 5.5176
1289. 2(5,6) 3(1,2,5,7)  5.51668
1290. 2(5,8) 3(1,3,5,8)  5.51668
1291. 2(2,5,7) 3(1,5) 4(2) 5.51667333
1292. 2(3,5,7) 3(1,5) 4(2) 5.51667333
1293. 2(5,7,8) 3(1,3,5)  5.51631333
1294. 2(1,2,8) 3(1,3) 4(2) 5.51579333
1295. 2(2,3,7) 3(1,3) 4(2) 5.51579333
1296. 2(1,4,5,7) 3(1) 4(1) 5.51527333
1297. 2(2,3,5,7) 3(1) 4(1) 5.51527333
1298. 2(1,5) 3(1,3,5,8)  5.51495333
1299. 2(2,5) 3(1,2,5,7)  5.51495333
1300. 2(1,2,3,6) 3(1,5)  5.51368
1301. 2(2,3,4,6) 3(1,5)  5.51368
1302. 2(1) 3(1,3,5,8) 4(1) 5.51331333
1303. 2(2) 3(1,2,5,7) 4(1) 5.51331333
1304. 2(2) 3(1,3,4,5) 4(2) 5.51052667
1305. 2(3) 3(1,2,3,5) 4(2) 5.51052667
1306. 2(1,2,3,6) 3(1) 4(2) 5.51043333
1307. 2(1,2,4,8) 3(1) 4(2) 5.51043333
1308. 2(1,5,7,8) 3(1,3)  5.5104
1309. 2(3,6,7,8) 3(1,3)  5.5104
1310. 2(1,3,5) 3(1) 4(1,2) 5.5103
1311. 2(2,4,5) 3(1) 4(1,2) 5.5103
1312. 2(2,4,6) 3(1,2,7)  5.50895333
1313. 2(2,4,7) 3(1,6,7)  5.50895333
1314. 2(2,3,8) 3(1,2,7)  5.50804667
1315. 2(3,4,5) 3(1,6,7)  5.50804667
1316. 2(3,6) 3(1,2,5) 4(2) 5.50802667
1317. 2(2,6) 3(1,4,5) 4(2) 5.50802667
1318. 2(1,3,7) 3(1,4) 4(1) 5.50738667
1319. 2(2,4,7) 3(1,6) 4(1) 5.50738667
1320. 2(5) 3(1,2,5,7) 4(2) 5.50688
1321. 2(5) 3(1,3,5,8) 4(2) 5.50688
1322. 2(5,6,7,8) 3(1) 4(1) 5.50658667
1323. 2(3,4,5) 3(1,4) 4(1) 5.50648
1324. 2(3,4,5) 3(1,6) 4(1) 5.50648
1325. 2(1) 3(1,3,4,5) 4(1) 5.50556
1326. 2(4) 3(1,2,3,5) 4(1) 5.50556
1327. 2(5,6,7) 3(1,8) 4(1) 5.50545333
1328. 2(5,7,8) 3(1,2) 4(1) 5.50545333
1329. 2(1,3,7) 3(1,3) 4(1) 5.50525333
1330. 2(1,3,8) 3(1,3) 4(1) 5.50525333
1331. 2(2,4,7) 3(1,3) 4(1) 5.50525333
1332. 2(2,4,8) 3(1,3) 4(1) 5.50525333
1333. 2(1,6) 3(1,2,5,8)  5.50468
1334. 2(2,8) 3(1,2,5,8)  5.50468
1335. 2(4,5,8) 3(1,3) 4(2) 5.50342
1336. 2(4,6,7) 3(1,3) 4(2) 5.50342
1337. 2(1,4,5,6) 3(1,3)  5.50323333
1338. 2(3,4,5,6) 3(1,3)  5.50323333
1339. 2(2,8) 3(1,2,3,5)  5.50169333
1340. 2(3,8) 3(1,3,4,5)  5.50169333
1341. 2(4,6) 3(1,2,3,5)  5.50169333
1342. 2(1,6) 3(1,3,4,5)  5.50169333
1343. 2(1,2,6,7) 3(1) 4(2) 5.5013
1344. 2(1,2,7,8) 3(1) 4(2) 5.5013
1345. 2(5,8) 3(1,3) 4(1,2) 5.49990667
1346. 2(6,7) 3(1,3) 4(1,2) 5.49990667
1347. 2(2,5,6,7) 3(1,5)  5.49953333
1348. 2(3,5,6,7) 3(1,5)  5.49953333
1349. 2(2,7,8) 3(1,3) 4(2) 5.49888667
1350. 2(1,2) 3(1,6,7) 4(2) 5.49859333
1351. 2(1,4) 3(1,2,7) 4(2) 5.49859333
1352. 2(2,4,5) 3(1,2,5)  5.49808667
1353. 2(1,3,7) 3(1,4,5)  5.49808667
1354. 2(1) 3(1,2,4,7) 4(1) 5.49759333
1355. 2(2) 3(1,3,6,8) 4(1) 5.49759333
1356. 2(3,4,5) 3(1,5) 4(1) 5.49445333
1357. 2(1,3,5) 3(1,5) 4(1) 5.49438667
1358. 2(2,4,5) 3(1,5) 4(1) 5.49438667
1359. 2(1,3,4,5) 3(1,3)  5.49407333
1360. 2(1,3,4,6) 3(1,3)  5.49407333
1361. 2(4,8) 3(1,2,7) 4(2) 5.49392667
1362. 2(2,5) 3(1,6,7) 4(2) 5.49392667
1363. 2(1,3,4,5,8) 3(1)  5.49392
1364. 2(2,3,4,5,6) 3(1)  5.49392
1365. 2(3,6) 3(1,2,5) 4(1) 5.49334667
1366. 2(2,6) 3(1,4,5) 4(1) 5.49334667
1367. 2(2,5,7,8) 3(1,6)  5.49096
1368. 2(1,5,6,7) 3(1,4)  5.49096
1369. 2(2,3,4,5) 3(1,4)  5.48998667
1370. 2(4,5,6,8) 3(1,6)  5.48998667
1371. 2(1,5,7,8) 3(1) 4(1) 5.48868
1372. 2(2,5,6,7) 3(1) 4(1) 5.48868
1373. 2(1,2,5,6) 3(1,6)  5.48851333
1374. 2(1,2,5,8) 3(1,4)  5.48851333
1375. 2(2,4) 3(1,2,4,5)  5.48844667
1376. 2(2,4) 3(1,2,5,8)  5.48844667
1377. 2(1,3) 3(1,2,5,8)  5.48844667
1378. 2(1,3) 3(1,2,4,5)  5.48844667
1379. 2(3,5) 3(1,2,7) 4(2) 5.48842
1380. 2(3,8) 3(1,6,7) 4(2) 5.48842
1381. 2(3,5,6,7) 3(1,8)  5.48774
1382. 2(4,5,7,8) 3(1,2)  5.48774
1383. 2(3,5,6) 3(1,4) 4(1) 5.48759333
1384. 2(4,5,8) 3(1,6) 4(1) 5.48759333
1385. 2(1,4,8) 3(1,3) 4(1) 5.48664
1386. 2(3,4,7) 3(1,3) 4(1) 5.48664
1387. 2(1,2,6,7) 3(1) 4(1) 5.48662
1388. 2(1,2,7,8) 3(1) 4(1) 5.48662
1389. 2(1,5) 3(1,2,5,7)  5.48623333
1390. 2(2,5) 3(1,3,5,8)  5.48623333
1391. 2(2) 3(1,3,5,8) 4(1) 5.48459333
1392. 2(1) 3(1,2,5,7) 4(1) 5.48459333
1393. 2(5) 3(1,2,5,8) 4(1) 5.4833
1394. 2(1,4,5) 3(1,4) 4(1) 5.48326667
1395. 2(2,3,5) 3(1,6) 4(1) 5.48326667
1396. 2(1,4,7,8) 3(1) 4(2) 5.48262
1397. 2(2,3,6,7) 3(1) 4(2) 5.48262
1398. 2(3,5,7,8) 3(1,2)  5.48223333
1399. 2(4,5,6,7) 3(1,8)  5.48223333
1400. 2(1,2,3,4) 3(1) 4(2) 5.48172667
1401. 2(1,7) 3(1,2,3) 4(2) 5.48066667
1402. 2(3,8) 3(1,2,3) 4(2) 5.48066667
1403. 2(2,5) 3(1,3,5) 4(1) 5.48044667
1404. 2(3,7) 3(1,3,5) 4(1) 5.48044667
1405. 2(1,2,7) 3(1,6,7)  5.4803
1406. 2(1,4,6) 3(1,2,7)  5.4803
1407. 2(3,5,6) 3(1,8) 4(1) 5.47984
1408. 2(4,5,8) 3(1,2) 4(1) 5.47984
1409. 2(1,3,5) 3(1,6,7)  5.47926
1410. 2(1,3,8) 3(1,2,7)  5.47926
1411. 2(2,5) 3(1,6,7) 4(1) 5.47924667
1412. 2(4,8) 3(1,2,7) 4(1) 5.47924667
1413. 2(1,2,7) 3(1,4) 4(1) 5.47873333
1414. 2(1,2,7) 3(1,6) 4(1) 5.47873333
1415. 2(5,7,8) 3(1,3,6)  5.47808
1416. 2(6,7,8) 3(1,3,6)  5.47808
1417. 2(1,4,6) 3(1,6) 4(1) 5.47776
1418. 2(2,3,8) 3(1,4) 4(1) 5.47776
1419. 2(1,3,5) 3(1,6) 4(1) 5.47769333
1420. 2(2,4,5) 3(1,4) 4(1) 5.47769333
1421. 2(1,4) 3(1,2,5,7)  5.47714
1422. 2(2,3) 3(1,3,5,8)  5.47714
1423. 2(1,3,4) 3(1,3,6)  5.47572
1424. 2(1,4,7) 3(1,2) 4(1) 5.47551333
1425. 2(2,3,7) 3(1,8) 4(1) 5.47551333
1426. 2(3,5,8) 3(1,2) 4(1) 5.47433333
1427. 2(4,5,6) 3(1,8) 4(1) 5.47433333
1428. 2(5) 3(1,2,3,5) 4(1) 5.47409333
1429. 2(7) 3(1,3,4,5) 4(1) 5.47409333
1430. 2(2,3,5) 3(1,4,5)  5.47396667
1431. 2(2,3,7) 3(1,2,5)  5.47396667
1432. 2(2,5,7) 3(1,3) 4(1) 5.47378667
1433. 2(2,6,8) 3(1,3) 4(1) 5.47378667
1434. 2(3,5) 3(1,2,7) 4(1) 5.47374
1435. 2(3,8) 3(1,6,7) 4(1) 5.47374
1436. 2(6,7,8) 3(1) 4(1,2) 5.47167333
1437. 2(2) 3(1,2,7) 4(1,2) 5.47152
1438. 2(4) 3(1,6,7) 4(1,2) 5.47152
1439. 2(1,3,7) 3(1,2,3)  5.47150667
1440. 2(1,3,8) 3(1,2,3)  5.47150667
1441. 2(2,3,4,7) 3(1,3)  5.47086
1442. 2(1,2,4,8) 3(1,3)  5.47086
1443. 2(1,3,7) 3(1,2) 4(1) 5.46994
1444. 2(2,4,7) 3(1,8) 4(1) 5.46994
1445. 2(1,5) 3(1,3) 4(1,2) 5.46946
1446. 2(3,6) 3(1,3) 4(1,2) 5.46946
1447. 2(1,2,5) 3(1,3,6)  5.46937333
1448. 2(2,3,6) 3(1,3,6)  5.46937333
1449. 2(1,3,5,7) 3(1,8)  5.46883333
1450. 2(2,4,5,7) 3(1,2)  5.46883333
1451. 2(5,6,7) 3(1,3) 4(1) 5.46820667
1452. 2(5,6,8) 3(1,3) 4(1) 5.46820667
1453. 2(1,2,5) 3(1,3,5)  5.46806667
1454. 2(3,4,7) 3(1,3,5)  5.46806667
1455. 2(1,4,7,8) 3(1) 4(1) 5.46794
1456. 2(2,3,6,7) 3(1) 4(1) 5.46794
1457. 2(1,2,3,5) 3(1,6)  5.46677333
1458. 2(1,2,4,5) 3(1,4)  5.46677333
1459. 2(1,5,6,8) 3(1,4)  5.46677333
1460. 2(2,5,6,8) 3(1,6)  5.46677333
1461. 2(1,7) 3(1,2,3) 4(1) 5.46598667
1462. 2(3,8) 3(1,2,3) 4(1) 5.46598667
1463. 2(2,6) 3(1,8) 4(1,2) 5.46469333
1464. 2(3,6) 3(1,2) 4(1,2) 5.46469333
1465. 2(3,6,7) 3(1,4) 4(1) 5.46438
1466. 2(4,7,8) 3(1,6) 4(1) 5.46438
1467. 2(1,5,6) 3(1,5) 4(2) 5.46383333
1468. 2(3,5,6) 3(1,5) 4(2) 5.46383333
1469. 2(2,5,8) 3(1,5) 4(2) 5.46383333
1470. 2(4,5,8) 3(1,5) 4(2) 5.46383333
1471. 2(1,4,8) 3(1) 4(1,2) 5.46296667
1472. 2(2,3,6) 3(1) 4(1,2) 5.46296667
1473. 2(1,2,6) 3(1,3,5)  5.46256
1474. 2(3,4,6) 3(1,3,5)  5.46256
1475. 2(1,2,3,5) 3(1,5)  5.45999333
1476. 2(1,2,4,5) 3(1,5)  5.45999333
1477. 2(1,5,8) 3(1,2,5)  5.45921333
1478. 2(2,5,6) 3(1,4,5)  5.45921333
1479. 2(3,6,7) 3(1,2,5)  5.45921333
1480. 2(4,7,8) 3(1,4,5)  5.45921333
1481. 2(1,2,5,6) 4(1,2) 5.45740667
1482. 2(2,3,5,6) 4(1,2) 5.45740667
1483. 2(5,6) 3(1,4) 4(1,2) 5.45628
1484. 2(5,8) 3(1,6) 4(1,2) 5.45628
1485. 2(1,5,8) 3(1,3) 4(1) 5.45517333
1486. 2(3,6,7) 3(1,3) 4(1) 5.45517333
1487. 2(2) 3(1,2,5,7,8)  5.45486667
1488. 2(1) 3(1,2,3,5,8)  5.45486667
1489. 2(1,2,6) 3(1,6) 4(1) 5.45454667
1490. 2(1,2,8) 3(1,4) 4(1) 5.45454667
1491. 2(2,3,4,5,8) 4(1) 5.45439333
1492. 2(1,5) 3(1,2,5) 4(2) 5.45434
1493. 2(4,7) 3(1,4,5) 4(2) 5.45434
1494. 2(1,2,3,5,7) 4(1) 5.45432667
1495. 2(2,3,4,5,7) 4(1) 5.45432667
1496. 2(3,8) 3(1,2,3,8)  5.45410667
1497. 2(1,7) 3(1,2,3,4)  5.45410667
1498. 2(1,6,7,8) 3(1,2)  5.45351333
1499. 2(2,6,7,8) 3(1,8)  5.45351333
1500. 2(2,5,7) 3(1,2,5)  5.45286
1501. 2(3,5,7) 3(1,4,5)  5.45286
1502. 2(2,7) 3(1,2,4,5)  5.45099333
1503. 2(3,5) 3(1,2,4,5)  5.45099333
1504. 2(8) 3(1,2,5,8) 4(2) 5.44928
1505. 2(6) 3(1,2,5,8) 4(2) 5.44928
1506. 2(1,3,8) 3(1,6) 4(1) 5.44897333
1507. 2(2,4,6) 3(1,4) 4(1) 5.44897333
1508. 2(6,7) 3(1,2) 4(1,2) 5.44852667
1509. 2(7,8) 3(1,8) 4(1,2) 5.44852667
1510. 2(1) 3(1,2,3,4,5)  5.44711333
1511. 2(4) 3(1,2,3,4,5)  5.44711333
1512. 2(1,5) 3(1,2,4,7)  5.4464
1513. 2(2,5) 3(1,3,6,8)  5.4464
1514. 2(1,6,8) 3(1,2) 4(1) 5.44554667
1515. 2(2,6,8) 3(1,8) 4(1) 5.44554667
1516. 2(2,4) 3(1,8) 4(1,2) 5.44295333
1517. 2(6,8) 3(1,2) 4(1,2) 5.44295333
1518. 2(1) 3(1,2,7) 4(1,2) 5.4428
1519. 2(1) 3(1,6,7) 4(1,2) 5.4428
1520. 2(1,2,6) 3(1,5) 4(1) 5.44154667
1521. 2(1,2,8) 3(1,5) 4(1) 5.44154667
1522. 2(1,5) 3(1,2,5) 4(1) 5.43966
1523. 2(4,7) 3(1,4,5) 4(1) 5.43966
1524. 2(2,5,6,7) 4(1,2) 5.43566667
1525. 2(3,5,6,7) 4(1,2) 5.43566667
1526. 2(2,7,8) 3(1,6,7)  5.43507333
1527. 2(4,5,6) 3(1,2,7)  5.43507333
1528. 2(5,7) 3(1,2,4,5)  5.43476
1529. 2(5,7) 3(1,2,5,8)  5.43476
1530. 2(3,5,8) 3(1,2,7)  5.4341
1531. 2(3,5,8) 3(1,6,7)  5.4341
1532. 2(5,6) 3(1,3,5,8)  5.4333
1533. 2(5,8) 3(1,2,5,7)  5.4333
1534. 2(4,5,8) 3(1,2,3)  5.43185333
1535. 2(4,6,7) 3(1,2,3)  5.43185333
1536. 2(5,6,8) 3(1,4,5)  5.42976667
1537. 2(6,7,8) 3(1,2,5)  5.42976667
1538. 2(5,6) 3(1,3,6,8)  5.42926
1539. 2(5,8) 3(1,2,4,7)  5.42926
1540. 2(1,2,4) 3(1,4,5)  5.42838
1541. 2(1,3,4) 3(1,2,5)  5.42838
1542. 2(2,4,5) 3(1,6,7)  5.42557333
1543. 2(2,4,8) 3(1,2,7)  5.42557333
1544. 2(5,8) 3(1,2,3,5)  5.42554667
1545. 2(7,8) 3(1,3,4,5)  5.42554667
1546. 2(1,4,5,7,8) 3(1)  5.42548
1547. 2(2,3,5,6,7) 3(1)  5.42548
1548. 2(2,5,6) 3(1,3,6)  5.42414667
1549. 2(1,3,5) 3(1,4) 4(1) 5.42400667
1550. 2(2,4,5) 3(1,6) 4(1) 5.42400667
1551. 2(2,5,7,8) 3(1,3)  5.42248667
1552. 2(2,6,7,8) 3(1,3)  5.42248667
1553. 2(1,4,6) 3(1,3) 4(1) 5.42194
1554. 2(3,4,5) 3(1,3) 4(1) 5.42194
1555. 2(1,4,5,6,8) 3(1)  5.41997333
1556. 2(2,3,5,6,8) 3(1)  5.41997333
1557. 2(6,8) 3(1,2,3,5)  5.41997333
1558. 2(6,8) 3(1,3,4,5)  5.41997333
1559. 2(1,4,5,6) 3(1) 4(2) 5.41792
1560. 2(2,3,5,8) 3(1) 4(2) 5.41792
1561. 2(1,3,5,6) 3(1) 4(2) 5.41785333
1562. 2(1,3,5,8) 3(1) 4(2) 5.41785333
1563. 2(2,4,5,6) 3(1) 4(2) 5.41785333
1564. 2(2,4,5,8) 3(1) 4(2) 5.41785333
1565. 2(2,4,7) 3(1,2,3)  5.41782
1566. 2(2,4,8) 3(1,2,3)  5.41782
1567. 2(1,3,7) 3(1,8) 4(1) 5.41625333
1568. 2(2,4,7) 3(1,2) 4(1) 5.41625333
1569. 2(3,4,5,6) 3(1,2)  5.41606
1570. 2(3,4,5,8) 3(1,8)  5.41606
1571. 2(5) 3(1,3,4,5) 4(2) 5.41574667
1572. 2(7) 3(1,2,3,5) 4(2) 5.41574667
1573. 2(1,6,7) 3(1,3) 4(2) 5.41550667
1574. 2(3,5,8) 3(1,3) 4(2) 5.41550667
1575. 2(1,5,7) 3(1,3) 4(2) 5.41544
1576. 2(1,6,8) 3(1,3) 4(2) 5.41544
1577. 2(3,5,7) 3(1,3) 4(2) 5.41544
1578. 2(3,6,8) 3(1,3) 4(2) 5.41544
1579. 2(1) 3(1,3,6,8) 4(1) 5.41421333
1580. 2(2) 3(1,2,4,7) 4(1) 5.41421333
1581. 3(1,2,3,4) 4(1,2) 5.41385333
1582. 3(1,2,3,8) 4(1,2) 5.41385333
1583. 2(7,8) 3(1,2,3,8)  5.41375333
1584. 2(7,8) 3(1,2,3,4)  5.41375333
1585. 2(2,6) 3(1,3,5) 4(2) 5.41238667
1586. 2(3,6) 3(1,3,5) 4(2) 5.41238667
1587. 2(1,5,6) 3(1,6,7)  5.41088667
1588. 2(1,7,8) 3(1,2,7)  5.41088667
1589. 2(3,5,6) 3(1,2,7)  5.41088667
1590. 2(3,7,8) 3(1,6,7)  5.41088667
1591. 2(4,5) 3(1,2,7) 4(2) 5.40601333
1592. 2(2,8) 3(1,6,7) 4(2) 5.40601333
1593. 2(3,5) 3(1,2) 4(1,2) 5.4055
1594. 2(4,5) 3(1,8) 4(1,2) 5.4055
1595. 2(5,6,8) 3(1,3,5)  5.40421333
1596. 2(6,7,8) 3(1,3,5)  5.40421333
1597. 2(1,4,5) 3(1) 4(1,2) 5.40377333
1598. 2(2,3,5) 3(1) 4(1,2) 5.40377333
1599. 2(1,4,5,6) 3(1) 4(1) 5.40324
1600. 2(2,3,5,8) 3(1) 4(1) 5.40324
1601. 2(1,3,5,6) 3(1) 4(1) 5.40317333
1602. 2(1,3,5,8) 3(1) 4(1) 5.40317333
1603. 2(2,4,5,6) 3(1) 4(1) 5.40317333
1604. 2(2,4,5,8) 3(1) 4(1) 5.40317333
1605. 2(7) 3(1,2,3,4) 4(1) 5.40303333
1606. 2(8) 3(1,2,3,8) 4(1) 5.40303333
1607. 2(1,3) 3(1,2,3) 4(2) 5.40188667
1608. 2(5,7) 3(1,3,6) 4(2) 5.40166667
1609. 2(6,8) 3(1,3,6) 4(2) 5.40166667
1610. 2(2,5,8) 3(1,2,5)  5.40002
1611. 2(2,6,7) 3(1,2,5)  5.40002
1612. 2(3,5,6) 3(1,4,5)  5.40002
1613. 2(3,7,8) 3(1,4,5)  5.40002
1614. 2(3,5,7,8) 3(1,8)  5.39982667
1615. 2(4,5,6,7) 3(1,2)  5.39982667
1616. 2(1,2,4) 3(1,3,5)  5.39908
1617. 2(1,3,4) 3(1,3,5)  5.39908
1618. 2(1,8) 3(1,2,5,8)  5.39808667
1619. 2(2,6) 3(1,2,5,8)  5.39808667
1620. 2(5) 3(1,2,7) 4(1,2) 5.39757333
1621. 2(8) 3(1,6,7) 4(1,2) 5.39757333
1622. 2(1,2,7) 3(1,2,7)  5.39692
1623. 2(1,4,6) 3(1,6,7)  5.39692
1624. 2(3,5,6,7,8) 3(1)  5.39603333
1625. 2(4,5,6,7,8) 3(1)  5.39603333
1626. 2(7) 3(1,2,4,5) 4(2) 5.39559333
1627. 2(5) 3(1,2,4,5) 4(2) 5.39559333
1628. 2(1,3,6) 3(1,4) 4(1) 5.39528667
1629. 2(2,4,8) 3(1,6) 4(1) 5.39528667
1630. 2(2,5) 3(1,3,4,5)  5.3951
1631. 2(3,7) 3(1,2,3,5)  5.3951
1632. 2(1,5) 3(1,2,3,5)  5.3951
1633. 2(4,7) 3(1,3,4,5)  5.3951
1634. 2(5,6,7) 3(1,3,6)  5.3947
1635. 2(5,6,8) 3(1,3,6)  5.3947
1636. 2(1,2,3,4,7) 3(1)  5.39464667
1637. 2(1,3) 3(1,3,6) 4(1) 5.39406
1638. 2(1,2) 3(1,3,5,8)  5.39376
1639. 2(1,2) 3(1,2,5,7)  5.39376
1640. 2(1) 3(1,2,3,5) 4(1) 5.39346
1641. 2(4) 3(1,3,4,5) 4(1) 5.39346
1642. 2(1,2,4) 3(1,3,6)  5.39331333
1643. 2(2,3,4) 3(1,3,6)  5.39331333
1644. 2(5,8) 3(1,3,5) 4(2) 5.39328
1645. 2(7,8) 3(1,3,5) 4(2) 5.39328
1646. 2(1,2,6,7) 3(1,3)  5.39210667
1647. 2(2,3,5,8) 3(1,3)  5.39210667
1648. 2(1,2,5,7) 3(1,3)  5.39204
1649. 2(1,2,6,8) 3(1,3)  5.39204
1650. 2(2,3,5,7) 3(1,3)  5.39204
1651. 2(2,3,6,8) 3(1,3)  5.39204
1652. 2(4,5,6) 3(1,2) 4(1) 5.39192667
1653. 2(3,5,8) 3(1,8) 4(1) 5.39192667
1654. 2(1,5,7) 3(1,2) 4(1) 5.39186
1655. 2(2,5,7) 3(1,8) 4(1) 5.39186
1656. 2(4,5) 3(1,2,7) 4(1) 5.39133333
1657. 2(2,8) 3(1,6,7) 4(1) 5.39133333
1658. 2(4,6) 3(1,3,4,5)  5.38959333
1659. 2(1,6) 3(1,2,3,5)  5.38959333
1660. 2(5,7) 3(1,2) 4(1,2) 5.38926667
1661. 2(5,7) 3(1,8) 4(1,2) 5.38926667
1662. 2(1,2,6,8) 3(1) 4(2) 5.38913333
1663. 2(1,4,5) 3(1,5) 4(1) 5.38786
1664. 2(2,3,5) 3(1,5) 4(1) 5.38786
1665. 2(6,8) 3(1,3,5) 4(2) 5.38770667
1666. 2(5,6,7) 3(1,6,7)  5.38694667
1667. 2(6,7,8) 3(1,2,7)  5.38694667
1668. 2(1,3,4) 3(1) 4(1,2) 5.38690667
1669. 2(2,3,4) 3(1) 4(1,2) 5.38690667
1670. 2(1,2) 3(1,3,4,5)  5.38600667
1671. 2(3,4) 3(1,2,3,5)  5.38600667
1672. 2(1,2,3,7) 3(1,3)  5.38294667
1673. 2(1,2,3,8) 3(1,3)  5.38294667
1674. 2(1,2,3) 3(1,3) 4(2) 5.38269333
1675. 2(1,2) 3(1,2,4,5)  5.38192
1676. 2(2,3) 3(1,2,5,8)  5.38192
1677. 2(1,4) 3(1,2,5,8)  5.38192
1678. 2(3,4) 3(1,2,4,5)  5.38192
1679. 2(2,6,7) 3(1,3,5)  5.38154
1680. 2(3,5,6) 3(1,3,5)  5.38154
1681. 2(8) 3(1,2,5,7,8)  5.38092
1682. 2(6) 3(1,2,3,5,8)  5.38092
1683. 2(1,3) 3(1,2,3,5)  5.38043333
1684. 2(2,4) 3(1,3,4,5)  5.38043333
1685. 2(2,3,5) 3(1,3,5)  5.38015333
1686. 2(2,3,7) 3(1,3,5)  5.38015333
1687. 2(5,7) 3(1,2,3) 4(1) 5.38013333
1688. 2(6,8) 3(1,2,3) 4(1) 5.38013333
1689. 2(7,8) 3(1,3,6) 4(2) 5.37852
1690. 2(2,3,6) 3(1,2,7)  5.37824
1691. 2(3,4,7) 3(1,6,7)  5.37824
1692. 2(1,6) 3(1,2,7) 4(2) 5.37729333
1693. 2(1,7) 3(1,6,7) 4(2) 5.37729333
1694. 2(2,8) 3(1,8) 4(1,2) 5.37678
1695. 2(1,6) 3(1,2) 4(1,2) 5.37678
1696. 2(3,4,7) 3(1,4) 4(1) 5.37667333
1697. 2(3,4,7) 3(1,6) 4(1) 5.37667333
1698. 2(1,5,6,8) 3(1) 4(1) 5.37658
1699. 2(2,5,6,8) 3(1) 4(1) 5.37658
1700. 2(5,7,8) 3(1,2,5)  5.37608
1701. 2(5,7,8) 3(1,4,5)  5.37608
1702. 2(1,2,6) 3(1) 4(1,2) 5.37505333
1703. 2(1,2,8) 3(1) 4(1,2) 5.37505333
1704. 2(1,2,6,8) 3(1) 4(1) 5.37445333
1705. 2(1,8) 3(1,2,3) 4(2) 5.37407333
1706. 2(3,7) 3(1,2,3) 4(2) 5.37407333
1707. 2(1,5,6) 3(1,2,5)  5.3713
1708. 2(2,6,7) 3(1,4,5)  5.3713
1709. 2(3,5,6) 3(1,2,5)  5.3713
1710. 2(4,6,7) 3(1,4,5)  5.3713
1711. 2(3,4,6) 3(1,4) 4(1) 5.37116667
1712. 2(3,4,8) 3(1,6) 4(1) 5.37116667
1713. 2(1,7) 3(1,2,3,8)  5.37072667
1714. 2(4,5) 3(1,2,3,4)  5.37072667
1715. 2(3,6) 3(1,3,5) 4(1) 5.36834667
1716. 2(2,6) 3(1,3,5) 4(1) 5.36834667
1717. 2(2,5,8) 3(1,3) 4(1) 5.36726
1718. 2(2,6,7) 3(1,3) 4(1) 5.36726
1719. 2(5,7) 3(1,2,3,5)  5.36628667
1720. 2(5,7) 3(1,3,4,5)  5.36628667
1721. 2(5,6) 3(1,2,7) 4(1) 5.36474
1722. 2(7,8) 3(1,6,7) 4(1) 5.36474
1723. 2(1,2,3) 3(1,3,6)  5.36459333
1724. 2(3,4,6) 3(1,2) 4(1) 5.36341333
1725. 2(3,4,8) 3(1,8) 4(1) 5.36341333
1726. 2(1,5) 3(1,3,6,8)  5.36302
1727. 2(2,5) 3(1,2,4,7)  5.36302
1728. 2(1,6) 3(1,2,7) 4(1) 5.36261333
1729. 2(1,7) 3(1,6,7) 4(1) 5.36261333
1730. 2(6) 3(1,2,3,5) 4(1) 5.36199333
1731. 2(6) 3(1,3,4,5) 4(1) 5.36199333
1732. 2(1,8) 3(1,2,3) 4(1) 5.35939333
1733. 2(3,7) 3(1,2,3) 4(1) 5.35939333
1734. 2(5,8) 3(1,4,5) 4(2) 5.35892667
1735. 2(7,8) 3(1,2,5) 4(2) 5.35892667
1736. 2(1,3,8) 3(1,2) 4(1) 5.35784
1737. 2(2,4,6) 3(1,8) 4(1) 5.35784
1738. 2(1,5,8) 3(1,5) 4(2) 5.35724
1739. 2(2,5,6) 3(1,5) 4(2) 5.35724
1740. 2(1,5,6,8) 3(1,6)  5.35467333
1741. 2(2,5,6,8) 3(1,4)  5.35467333
1742. 2(1,5,8) 3(1,6) 4(1) 5.35228
1743. 2(2,5,6) 3(1,4) 4(1) 5.35228
1744. 2(3) 3(1,2,3) 4(1,2) 5.35166667
1745. 2(1) 3(1,2,3) 4(1,2) 5.35166667
1746. 2(2,5,7) 3(1,2,7)  5.35162667
1747. 2(2,6,8) 3(1,2,7)  5.35162667
1748. 2(4,5,7) 3(1,6,7)  5.35162667
1749. 2(4,6,8) 3(1,6,7)  5.35162667
1750. 2(2,4) 3(1,2,3) 4(2) 5.3482
1751. 2(1,2,4,5,6) 4(1) 5.3478
1752. 2(2,3,4,5,6) 4(1) 5.3478
1753. 2(1,4) 3(1,3,5) 4(1) 5.34549333
1754. 2(2) 3(1,2,3,5) 4(2) 5.34474
1755. 2(3) 3(1,3,4,5) 4(2) 5.34474
1756. 2(1,2,3,5) 3(1) 4(2) 5.34464667
1757. 2(1,2,4,5) 3(1) 4(2) 5.34464667
1758. 2(2,5) 3(1,2,4,5)  5.3444
1759. 2(3,7) 3(1,2,4,5)  5.3444
1760. 2(2,7,8) 3(1,2,3)  5.34394
1761. 2(2,6) 3(1,2,5) 4(2) 5.34224
1762. 2(3,6) 3(1,4,5) 4(2) 5.34224
1763. 3(1,2,3,4,5) 4(2) 5.34135333
1764. 2(2,4) 3(1,3,6) 4(1) 5.34037333
1765. 2(1,5,6,7) 3(1,3)  5.33910667
1766. 2(3,5,6,8) 3(1,3)  5.33910667
1767. 2(1,2,5,6,7) 3(1)  5.33756667
1768. 2(1,2,5,7,8) 3(1)  5.33756667
1769. 2(2,7) 3(1,2,3,5)  5.33590667
1770. 2(3,5) 3(1,3,4,5)  5.33590667
1771. 2(1,2,5,7) 3(1) 4(2) 5.33544667
1772. 2(2,3,6) 3(1,5) 4(1) 5.33495333
1773. 2(5,7) 3(1,3,5) 4(2) 5.33402
1774. 2(1,2,6) 3(1,2,5)  5.33314667
1775. 2(3,4,6) 3(1,4,5)  5.33314667
1776. 2(4,5,6) 3(1,3) 4(2) 5.33212667
1777. 2(1,5,6) 3(1) 4(1,2) 5.32982667
1778. 2(2,5,8) 3(1) 4(1,2) 5.32982667
1779. 2(2,6) 3(1,2,5) 4(1) 5.32756
1780. 2(3,6) 3(1,4,5) 4(1) 5.32756
1781. 2(1,3) 3(1,3,4,5)  5.32674667
1782. 2(2,4) 3(1,2,3,5)  5.32674667
1783. 3(1,2,3,4,5) 4(1) 5.32667333
1784. 2(6,8) 3(1,2,5) 4(2) 5.32463333
1785. 2(6,8) 3(1,4,5) 4(2) 5.32463333
1786. 2(1,5,7) 3(1,2,7)  5.32290667
1787. 2(1,5,7) 3(1,6,7)  5.32290667
1788. 2(1,6,8) 3(1,2,7)  5.32290667
1789. 2(1,6,8) 3(1,6,7)  5.32290667
1790. 2(4,5) 3(1,6,7) 4(2) 5.32263333
1791. 2(2,8) 3(1,2,7) 4(2) 5.32263333
1792. 2(1,2,5,7) 3(1) 4(1) 5.32076667
1793. 2(5,6) 3(1,2,4,7)  5.31813333
1794. 2(5,8) 3(1,3,6,8)  5.31813333
1795. 2(1,4) 3(1,3,6) 4(1) 5.31625333
1796. 2(3,4) 3(1,3,6) 4(1) 5.31625333
1797. 2(1,4,5) 3(1,3) 4(1) 5.31534667
1798. 2(3,4,6) 3(1,3) 4(1) 5.31534667
1799. 2(4) 3(1,2,3,4) 4(1) 5.31532667
1800. 2(4) 3(1,2,3,8) 4(1) 5.31532667
1801. 2(4,5) 3(1,2,3) 4(2) 5.31488
1802. 2(4,6) 3(1,2,3) 4(2) 5.31488
1803. 2(5,6,7) 3(1,2) 4(1) 5.31094667
1804. 2(5,7,8) 3(1,8) 4(1) 5.31094667
1805. 2(1,2,7) 3(1,3) 4(1) 5.31081333
1806. 2(2,3,8) 3(1,3) 4(1) 5.31081333
1807. 2(1,3,5,6) 3(1,3)  5.30866
1808. 2(2,4,5,6) 3(1,3)  5.30866
1809. 2(2,3) 3(1,6,7) 4(1) 5.3085
1810. 2(3,4) 3(1,2,7) 4(1) 5.3085
1811. 2(2,8) 3(1,2,7) 4(1) 5.30795333
1812. 2(4,5) 3(1,6,7) 4(1) 5.30795333
1813. 2(3,5) 3(1,2,3,5)  5.30718667
1814. 2(2,7) 3(1,3,4,5)  5.30718667
1815. 2(5,6,7) 3(1) 4(1,2) 5.30588667
1816. 2(5,7,8) 3(1) 4(1,2) 5.30588667
1817. 2(1,4,6) 3(1,2,3)  5.30578667
1818. 2(3,4,5) 3(1,2,3)  5.30578667
1819. 2(3,4,5) 3(1,2) 4(1) 5.30422
1820. 2(3,4,5) 3(1,8) 4(1) 5.30422
1821. 2(1,3,6) 3(1,8) 4(1) 5.30415333
1822. 2(2,4,8) 3(1,2) 4(1) 5.30415333
1823. 2(1,3,5,8) 3(1,2)  5.30389333
1824. 2(2,4,5,6) 3(1,8)  5.30389333
1825. 2(2,3,4) 3(1,2,7)  5.30218
1826. 2(2,3,4) 3(1,6,7)  5.30218
1827. 2(3,5,6,7) 3(1,4)  5.30098667
1828. 2(4,5,7,8) 3(1,6)  5.30098667
1829. 2(4,6) 3(1,2,3) 4(1) 5.3002
1830. 2(4,5) 3(1,2,3) 4(1) 5.3002
1831. 2(2,3,4,5) 3(1,3)  5.29956667
1832. 2(1,2,4,6) 3(1,3)  5.29956667
1833. 2(4,7) 3(1,6,7) 4(2) 5.29942
1834. 2(2,6) 3(1,2,7) 4(2) 5.29942
1835. 2(1,2,3,5,8) 3(1)  5.29941333
1836. 2(1,2,4,5,6) 3(1)  5.29941333
1837. 2(3,6,7,8) 3(1) 4(2) 5.29922667
1838. 2(4,6,7,8) 3(1) 4(2) 5.29922667
1839. 2(5) 3(1,2,3,5,8)  5.29851333
1840. 2(5) 3(1,2,5,7,8)  5.29851333
1841. 2(5,8) 3(1,3,6) 4(2) 5.29514
1842. 2(6,7) 3(1,3,6) 4(2) 5.29514
1843. 2(1,2,5,6) 3(1,4)  5.29400667
1844. 2(1,2,5,8) 3(1,6)  5.29400667
1845. 2(1,4,7) 3(1,6) 4(1) 5.28876
1846. 2(2,3,7) 3(1,4) 4(1) 5.28876
1847. 2(2,5) 3(1,2,5) 4(2) 5.28855333
1848. 2(3,7) 3(1,4,5) 4(2) 5.28855333
1849. 2(1,3,4,5) 3(1,2)  5.28772667
1850. 2(2,3,4,5) 3(1,8)  5.28772667
1851. 2(3,5,6,8) 3(1,8)  5.28772667
1852. 2(4,5,6,8) 3(1,2)  5.28772667
1853. 2(6,7) 3(1,2,7) 4(2) 5.28738667
1854. 2(6,7) 3(1,6,7) 4(2) 5.28738667
1855. 2(2,6,7) 3(1,2) 4(1) 5.28533333
1856. 2(1,7,8) 3(1,8) 4(1) 5.28533333
1857. 2(1,3,5) 3(1,2,7)  5.28475333
1858. 2(1,3,8) 3(1,6,7)  5.28475333
1859. 2(2,6) 3(1,2,7) 4(1) 5.28474
1860. 2(4,7) 3(1,6,7) 4(1) 5.28474
1861. 2(1,5,6) 3(1,3) 4(1) 5.28388
1862. 2(3,5,6) 3(1,3) 4(1) 5.28388
1863. 2(2) 3(1,2,4,5) 4(1) 5.28349333
1864. 2(2) 3(1,2,5,8) 4(1) 5.28349333
1865. 2(1) 3(1,2,5,8) 4(1) 5.28349333
1866. 2(3) 3(1,2,4,5) 4(1) 5.28349333
1867. 2(1,2,3,4,6) 3(1)  5.28254667
1868. 2(1,2,3,4,8) 3(1)  5.28254667
1869. 2(5,8) 3(1,2,7) 4(1) 5.28136
1870. 2(5,8) 3(1,6,7) 4(1) 5.28136
1871. 2(1,2,5) 3(1,5) 4(1) 5.28126667
1872. 2(1,6,8) 3(1,8) 4(1) 5.27976
1873. 2(2,6,8) 3(1,2) 4(1) 5.27976
1874. 2(2,3,5) 3(1,2,5)  5.27946
1875. 2(2,3,7) 3(1,4,5)  5.27946
1876. 2(1,4,6) 3(1,2) 4(1) 5.2755
1877. 2(2,3,8) 3(1,8) 4(1) 5.2755
1878. 2(2,5) 3(1,3) 4(1,2) 5.27495333
1879. 2(2,6) 3(1,3) 4(1,2) 5.27495333
1880. 2(2,5,6) 3(1,3,5)  5.27494667
1881. 2(3,6,7) 3(1,3,5)  5.27494667
1882. 2(2,5) 3(1,2,5) 4(1) 5.27387333
1883. 2(3,7) 3(1,4,5) 4(1) 5.27387333
1884. 2(5,8) 3(1,2,3) 4(1) 5.27360667
1885. 2(6,7) 3(1,2,3) 4(1) 5.27360667
1886. 2(1,2,3) 3(1,6,7)  5.27346
1887. 2(1,3,4) 3(1,2,7)  5.27346
1888. 2(2,5,6,7) 3(1,4)  5.27226667
1889. 2(1,5,7,8) 3(1,6)  5.27226667
1890. 2(1,2) 3(1,4,5) 4(1) 5.26891333
1891. 2(1,4) 3(1,2,5) 4(1) 5.26891333
1892. 2(1,4) 3(1,4,5) 4(1) 5.26891333
1893. 2(3,4) 3(1,2,5) 4(1) 5.26891333
1894. 2(1,2) 3(1,3) 4(1,2) 5.26586
1895. 2(2,3) 3(1,3) 4(1,2) 5.26586
1896. 2(1,3) 3(1,2,5) 4(1) 5.26334
1897. 2(2,4) 3(1,4,5) 4(1) 5.26334
1898. 2(1,2,3) 3(1,4,5)  5.26259333
1899. 2(1,2,4) 3(1,2,5)  5.26259333
1900. 2(1,3,4) 3(1,4,5)  5.26259333
1901. 2(2,3,4) 3(1,2,5)  5.26259333
1902. 2(1) 3(1,2,5,7,8)  5.26036
1903. 2(2) 3(1,2,3,5,8)  5.26036
1904. 2(1,2,6) 3(1,4) 4(1) 5.26004
1905. 2(1,2,8) 3(1,6) 4(1) 5.26004
1906. 2(1,3) 3(1,3,5) 4(1) 5.25751333
1907. 2(2,4) 3(1,3,5) 4(1) 5.25751333
1908. 2(1,4,8) 3(1,2) 4(1) 5.25682
1909. 2(2,3,6) 3(1,8) 4(1) 5.25682
1910. 2(6) 3(1,2,4,5) 4(2) 5.25477333
1911. 2(1,4,5,7) 3(1,8)  5.25020667
1912. 2(2,3,5,7) 3(1,2)  5.25020667
1913. 2(2,5,8) 3(1,6,7)  5.2451
1914. 2(4,5,8) 3(1,2,7)  5.2451
1915. 2(1,2,4,5,8) 4(1) 5.24120667
1916. 2(3,5,7,8) 3(1) 4(2) 5.24003333
1917. 2(4,5,6,7) 3(1) 4(2) 5.24003333
1918. 2(5,6,7) 3(1,3,5)  5.23842667
1919. 2(1,3,4,7) 3(1) 4(1) 5.23793333
1920. 2(2,3,4,7) 3(1) 4(1) 5.23793333
1921. 2(2,3,5) 3(1,3) 4(2) 5.23790667
1922. 2(1,2,6) 3(1,3) 4(2) 5.23790667
1923. 2(5,6,8) 3(1,2,5)  5.23526
1924. 2(6,7,8) 3(1,4,5)  5.23526
1925. 2(1,5,6,8) 3(1,3)  5.23251333
1926. 2(3,5,6,7) 3(1,3)  5.23251333
1927. 2(1,3,4,6) 3(1) 4(1) 5.23242667
1928. 2(2,3,4,8) 3(1) 4(1) 5.23242667
1929. 2(1,6,7) 3(1,2,3)  5.23184
1930. 2(3,5,8) 3(1,2,3)  5.23184
1931. 2(1,5,7) 3(1,2,3)  5.23177333
1932. 2(1,6,8) 3(1,2,3)  5.23177333
1933. 2(3,5,7) 3(1,2,3)  5.23177333
1934. 2(3,6,8) 3(1,2,3)  5.23177333
1935. 2(2,4,5) 3(1,2,7)  5.23106667
1936. 2(2,4,8) 3(1,6,7)  5.23106667
1937. 2(1,3,5) 3(1,3) 4(1) 5.22736667
1938. 2(1,3,6) 3(1,3) 4(1) 5.22736667
1939. 2(2,4,5) 3(1,3) 4(1) 5.22736667
1940. 2(2,4,6) 3(1,3) 4(1) 5.22736667
1941. 2(2,3,6) 3(1,2,5)  5.22655333
1942. 2(2,3,6) 3(1,4,5)  5.22655333
1943. 2(1,5,7) 3(1,8) 4(1) 5.22607333
1944. 2(2,5,7) 3(1,2) 4(1) 5.22607333
1945. 2(1,5,8) 3(1) 4(1,2) 5.22323333
1946. 2(2,5,6) 3(1) 4(1,2) 5.22323333
1947. 2(5,6) 3(1,3) 4(1,2) 5.22202
1948. 2(1,4,5,6) 3(1,2)  5.22155333
1949. 2(2,3,5,8) 3(1,8)  5.22155333
1950. 2(5) 3(1,2,3,5) 4(2) 5.22124
1951. 2(7) 3(1,3,4,5) 4(2) 5.22124
1952. 2(2,5,7) 3(1,3) 4(2) 5.22093333
1953. 2(2,6,8) 3(1,3) 4(2) 5.22093333
1954. 2(1,2) 3(1,2,7) 4(2) 5.22070667
1955. 2(1,4) 3(1,6,7) 4(2) 5.22070667
1956. 2(5,7) 3(1,2,5) 4(2) 5.21726
1957. 2(5,7) 3(1,4,5) 4(2) 5.21726
1958. 2(5,6) 3(1,3,6) 4(2) 5.21176
1959. 2(1,6,7,8) 3(1) 4(2) 5.21131333
1960. 2(2,6,7,8) 3(1) 4(2) 5.21131333
1961. 2(1,4,5,8) 3(1,6)  5.21062667
1962. 2(2,3,5,6) 3(1,4)  5.21062667
1963. 2(1,3) 3(1,4,5) 4(1) 5.20965333
1964. 2(2,4) 3(1,2,5) 4(1) 5.20965333
1965. 2(5) 3(1,2,3,4,5)  5.20738
1966. 2(7) 3(1,2,3,4,5)  5.20738
1967. 2(2,3,5) 3(1,2,7)  5.20694667
1968. 2(3,4,8) 3(1,6,7)  5.20694667
1969. 2(1,4,5) 3(1,6) 4(1) 5.20538
1970. 2(2,3,5) 3(1,4) 4(1) 5.20538
1971. 2(1,2) 3(1,3,6) 4(1) 5.20512667
1972. 2(2,3) 3(1,3,6) 4(1) 5.20512667
1973. 2(1,4,5,8) 3(1) 4(2) 5.20473333
1974. 2(2,3,5,6) 3(1) 4(2) 5.20473333
1975. 2(1,2,3) 3(1,3,5)  5.20457333
1976. 2(2,3,4) 3(1,3,5)  5.20457333
1977. 2(1,2,8) 3(1,3) 4(1) 5.20422
1978. 2(2,3,7) 3(1,3) 4(1) 5.20422
1979. 2(5,6) 3(1,6,7) 4(2) 5.20400667
1980. 2(7,8) 3(1,2,7) 4(2) 5.20400667
1981. 2(3,6) 3(1,2,4,5)  5.20358
1982. 2(2,6) 3(1,2,4,5)  5.20358
1983. 2(1,4,5,8) 3(1,2)  5.20287333
1984. 2(2,3,5,6) 3(1,8)  5.20287333
1985. 2(1,5,8) 3(1,3) 4(2) 5.20232
1986. 2(3,6,7) 3(1,3) 4(2) 5.20232
1987. 2(1,5,6,7,8) 3(1)  5.20152667
1988. 2(2,5,6,7,8) 3(1)  5.20152667
1989. 2(5) 3(1,2,5,8) 4(2) 5.20108667
1990. 2(1,4,5) 3(1,2,3)  5.19919333
1991. 2(3,4,6) 3(1,2,3)  5.19919333
1992. 2(3) 3(1,2,3,5) 4(1) 5.19895333
1993. 2(2) 3(1,3,4,5) 4(1) 5.19895333
1994. 2(5,6,8) 3(1,2) 4(1) 5.19884667
1995. 2(5,6,8) 3(1,8) 4(1) 5.19884667
1996. 2(1,4,7) 3(1,8) 4(1) 5.19762667
1997. 2(2,3,7) 3(1,2) 4(1) 5.19762667
1998. 2(7,8) 3(1,2,3) 4(2) 5.19625333
1999. 2(5,6,8) 3(1) 4(1,2) 5.19378667
2000. 2(1,2,4,5) 3(1,3)  5.19297333
2001. 2(2,3,4,6) 3(1,3)  5.19297333
2002. 2(1,2,3,5,6) 3(1)  5.19282
2003. 2(1,2,4,5,8) 3(1)  5.19282
2004. 2(5,6,7) 3(1,2,7)  5.19244
2005. 2(6,7,8) 3(1,6,7)  5.19244
2006. 2(1,2,3) 3(1) 4(1,2) 5.1924
2007. 2(1,2,4) 3(1) 4(1,2) 5.1924
2008. 2(1,4,6) 3(1,8) 4(1) 5.19212
2009. 2(2,3,8) 3(1,2) 4(1) 5.19212
2010. 2(1,4,5,8) 3(1) 4(1) 5.19005333
2011. 2(2,3,5,6) 3(1) 4(1) 5.19005333
2012. 2(5,6) 3(1,2,4,5)  5.18741333
2013. 2(5,6) 3(1,2,5,8)  5.18741333
2014. 2(5,8) 3(1,2,5,8)  5.18741333
2015. 2(6,7) 3(1,2,4,5)  5.18741333
2016. 2(1,5) 3(1,6,7) 4(2) 5.18732
2017. 2(1,8) 3(1,2,7) 4(2) 5.18732
2018. 2(1,2,5) 3(1,6,7)  5.18373333
2019. 2(1,4,8) 3(1,2,7)  5.18373333
2020. 2(1,3,4) 3(1,2,3)  5.18232667
2021. 2(1,2,5) 3(1,4) 4(1) 5.18216667
2022. 2(1,2,5) 3(1,6) 4(1) 5.18216667
2023. 2(5,6,7) 3(1,2,5)  5.18157333
2024. 2(5,6,7) 3(1,4,5)  5.18157333
2025. 2(1,5,7,8) 3(1,2)  5.18113333
2026. 2(2,5,6,7) 3(1,8)  5.18113333
2027. 2(3,5,6,7) 3(1,2)  5.18113333
2028. 2(4,5,7,8) 3(1,8)  5.18113333
2029. 2(1,2,5,8) 3(1,3)  5.17892
2030. 2(2,3,6,7) 3(1,3)  5.17892
2031. 2(2,8) 3(1,2,3,4)  5.17622
2032. 2(4,5) 3(1,2,3,8)  5.17622
2033. 2(3,5,6,8) 3(1,2)  5.17562667
2034. 2(4,5,6,8) 3(1,8)  5.17562667
2035. 2(4,5,8) 3(1,8) 4(1) 5.17323333
2036. 2(3,5,6) 3(1,2) 4(1) 5.17323333
2037. 2(1,2,5) 3(1,2,5)  5.17286667
2038. 2(3,4,7) 3(1,4,5)  5.17286667
2039. 2(1,5) 3(1,6,7) 4(1) 5.17264
2040. 2(1,8) 3(1,2,7) 4(1) 5.17264
2041. 2(5,6) 3(1,8) 4(1,2) 5.17064
2042. 2(5,8) 3(1,2) 4(1,2) 5.17064
2043. 2(5,6) 3(1,4,5) 4(2) 5.16442
2044. 2(5,8) 3(1,2,5) 4(2) 5.16442
2045. 2(6,7) 3(1,2,5) 4(2) 5.16442
2046. 2(7,8) 3(1,4,5) 4(2) 5.16442
2047. 2(1,3,6) 3(1,2) 4(1) 5.16333333
2048. 2(2,4,8) 3(1,8) 4(1) 5.16333333
2049. 2(2,3,6) 3(1,3,5)  5.16146
2050. 2(5,6,7,8) 3(1,5)  5.16128
2051. 2(1,2) 3(1,3,5) 4(1) 5.15098667
2052. 2(3,4) 3(1,3,5) 4(1) 5.15098667
2053. 2(1,2,3) 3(1,2,5)  5.15049333
2054. 2(2,3,4) 3(1,4,5)  5.15049333
2055. 2(1,2,3,7) 3(1) 4(1) 5.15002
2056. 2(1,2,4,7) 3(1) 4(1) 5.15002
2057. 2(1,5) 3(1,2,5,8)  5.14989333
2058. 2(2,5) 3(1,2,5,8)  5.14989333
2059. 2(5,6) 3(1,3,4,5)  5.14766
2060. 2(6,7) 3(1,2,3,5)  5.14766
2061. 2(1,4,5,6) 3(1,8)  5.13817333
2062. 2(2,3,5,8) 3(1,2)  5.13817333
2063. 2(5,8) 3(1,2,3,4)  5.13586667
2064. 2(6,7) 3(1,2,3,8)  5.13586667
2065. 2(3,5,6,7) 3(1) 4(2) 5.13344
2066. 2(4,5,7,8) 3(1) 4(2) 5.13344
2067. 2(1,2,5) 3(1,3) 4(2) 5.13131333
2068. 2(2,3,6) 3(1,3) 4(2) 5.13131333
2069. 2(3,5,6,8) 3(1) 4(2) 5.12793333
2070. 2(4,5,6,8) 3(1) 4(2) 5.12793333
2071. 2(1,3,4,8) 3(1) 4(1) 5.12583333
2072. 2(2,3,4,6) 3(1) 4(1) 5.12583333
2073. 2(5) 3(1,2,3,4) 4(1) 5.12514667
2074. 2(6) 3(1,2,3,8) 4(1) 5.12514667
2075. 2(1,5,6,7) 3(1,8)  5.12194
2076. 2(2,5,7,8) 3(1,2)  5.12194
2077. 2(1) 3(1,2,3,4) 4(1) 5.12082
2078. 2(3) 3(1,2,3,8) 4(1) 5.12082
2079. 2(2,7) 3(1,2,3) 4(2) 5.12037333
2080. 2(2,8) 3(1,2,3) 4(2) 5.12037333
2081. 2(1,2,5,6,8) 3(1)  5.11887333
2082. 2(1,2,3,4,5) 3(1)  5.11676
2083. 2(5,7) 3(1,2,7) 4(2) 5.11602667
2084. 2(5,7) 3(1,6,7) 4(2) 5.11602667
2085. 2(6,8) 3(1,2,7) 4(2) 5.11602667
2086. 2(6,8) 3(1,6,7) 4(2) 5.11602667
2087. 2(5,6) 3(1,3,5) 4(2) 5.11539333
2088. 2(6,7) 3(1,3,5) 4(2) 5.11539333
2089. 2(2,5,8) 3(1,3) 4(2) 5.11440667
2090. 2(2,6,7) 3(1,3) 4(2) 5.11440667
2091. 2(5) 3(1,2,3) 4(1,2) 5.11193333
2092. 2(6) 3(1,2,3) 4(1,2) 5.11193333
2093. 2(1,2,7) 3(1,2,3)  5.11128
2094. 2(2,3,8) 3(1,2,3)  5.11128
2095. 2(1,2,7) 3(1,2) 4(1) 5.10971333
2096. 2(1,2,7) 3(1,8) 4(1) 5.10971333
2097. 2(1,3,8) 3(1,8) 4(1) 5.10964667
2098. 2(2,4,6) 3(1,2) 4(1) 5.10964667
2099. 2(1,3,5,6) 3(1,2)  5.10938667
2100. 2(2,4,5,8) 3(1,8)  5.10938667
2101. 2(6) 3(1,2,3,5) 4(2) 5.10914
2102. 2(6) 3(1,3,4,5) 4(2) 5.10914
2103. 2(5,6,8) 3(1,6,7)  5.10906
2104. 2(5,7,8) 3(1,2,7)  5.10906
2105. 2(1,3) 3(1,2,7) 4(1) 5.10842
2106. 2(1,3) 3(1,6,7) 4(1) 5.10842
2107. 2(3,4) 3(1,3,4,5)  5.10812
2108. 2(1,2) 3(1,2,3,5)  5.10812
2109. 2(2,8) 3(1,2,3) 4(1) 5.10569333
2110. 2(2,7) 3(1,2,3) 4(1) 5.10569333
2111. 2(1,5) 3(1,2) 4(1,2) 5.1044
2112. 2(2,5) 3(1,8) 4(1,2) 5.1044
2113. 2(1,2) 3(1,2,5,8)  5.10403333
2114. 2(2,3) 3(1,2,4,5)  5.10403333
2115. 2(1,2,5) 3(1) 4(1,2) 5.10267333
2116. 2(5,7,8) 3(1,2,3)  5.10130667
2117. 2(6,7,8) 3(1,2,3)  5.10130667
2118. 2(2,5,6) 3(1,2,5)  5.09892
2119. 2(3,6,7) 3(1,4,5)  5.09892
2120. 2(1,2,8) 3(1,6,7)  5.09582
2121. 2(1,2,6) 3(1,2,7)  5.09582
2122. 2(1,4,5) 3(1,2,7)  5.09582
2123. 2(1,4,7) 3(1,6,7)  5.09582
2124. 2(1,5,6,7) 3(1,2)  5.09322
2125. 2(2,5,7,8) 3(1,8)  5.09322
2126. 2(3,6) 3(1,2,3,5)  5.08849333
2127. 2(2,6) 3(1,3,4,5)  5.08849333
2128. 2(1,2,3,4) 3(1,5)  5.0822
2129. 2(5,6,7,8) 3(1,4)  5.08190667
2130. 2(5,6,7,8) 3(1,6)  5.08190667
2131. 2(1,4,8) 3(1,6) 4(1) 5.07006667
2132. 2(2,3,6) 3(1,4) 4(1) 5.07006667
2133. 2(1,5) 3(1,2,3,4)  5.06962667
2134. 2(3,6) 3(1,2,3,8)  5.06962667
2135. 2(1,3,4,5) 3(1) 4(1) 5.06664
2136. 2(2,3,4,5) 3(1) 4(1) 5.06664
2137. 2(2,5,6) 3(1,8) 4(1) 5.06664
2138. 2(1,5,8) 3(1,2) 4(1) 5.06664
2139. 2(4,5,6) 3(1,2,3)  5.06605333
2140. 2(1,2,5,7) 3(1,2)  5.0557
2141. 2(1,2,5,7) 3(1,8)  5.0557
2142. 2(2,4) 3(1,2,7) 4(1) 5.05473333
2143. 2(2,4) 3(1,6,7) 4(1) 5.05473333
2144. 2(5,6,7,8) 4(1,2) 5.0508
2145. 2(2,4) 3(1,2,3,4)  5.04788667
2146. 2(5,7) 3(1,2,3,4)  5.04788667
2147. 2(5,7) 3(1,2,3,8)  5.04788667
2148. 2(6,8) 3(1,2,3,8)  5.04788667
2149. 2(1,5,6,7) 3(1) 4(2) 5.04552667
2150. 2(2,5,7,8) 3(1) 4(2) 5.04552667
2151. 2(2,5,6,7) 3(1,3)  5.03800667
2152. 2(2,5,6,8) 3(1,3)  5.03800667
2153. 2(1,2,3,8) 3(1) 4(1) 5.03792
2154. 2(1,2,4,6) 3(1) 4(1) 5.03792
2155. 2(2,5) 3(1,2,3,5)  5.03480667
2156. 2(3,7) 3(1,3,4,5)  5.03480667
2157. 2(2) 3(1,2,3,5) 4(1) 5.03316667
2158. 2(3) 3(1,3,4,5) 4(1) 5.03316667
2159. 2(1,5,6) 3(1,3) 4(2) 5.03102667
2160. 2(3,5,6) 3(1,3) 4(2) 5.03102667
2161. 2(2,3) 3(1,2,7) 4(1) 5.03061333
2162. 2(3,4) 3(1,6,7) 4(1) 5.03061333
2163. 2(1,4) 3(1,2,3) 4(1) 5.02286
2164. 2(3,4) 3(1,2,3) 4(1) 5.02286
2165. 2(1,5,6) 3(1,2,7)  5.02187333
2166. 2(1,7,8) 3(1,6,7)  5.02187333
2167. 2(2,5) 3(1,2,7) 4(2) 5.02153333
2168. 2(4,8) 3(1,6,7) 4(2) 5.02153333
2169. 2(1,5,8) 3(1,2,3)  5.01865333
2170. 2(3,6,7) 3(1,2,3)  5.01865333
2171. 2(1,2,8) 3(1,2,7)  5.01244
2172. 2(1,4,5) 3(1,6,7)  5.01244
2173. 2(1,2,5,6) 3(1) 4(2) 5.01022667
2174. 2(1,2,5,8) 3(1) 4(2) 5.01022667
2175. 2(3,5) 3(1,2,3) 4(2) 5.00827333
2176. 2(1,6) 3(1,2,3) 4(2) 5.00827333
2177. 2(1,5,6) 3(1,8) 4(1) 5.00744667
2178. 2(2,5,8) 3(1,2) 4(1) 5.00744667
2179. 2(2,5) 3(1,2,7) 4(1) 5.00685333
2180. 2(4,8) 3(1,6,7) 4(1) 5.00685333
2181. 2(5,6,7,8) 3(1,3)  5.00636
2182. 2(1,2,8) 3(1,2,3)  5.00468667
2183. 2(2,3,7) 3(1,2,3)  5.00468667
2184. 2(1,4,5) 3(1,2) 4(1) 5.00312
2185. 2(2,3,5) 3(1,8) 4(1) 5.00312
2186. 2(1,3,5) 3(1,2,3)  4.99911333
2187. 2(1,3,6) 3(1,2,3)  4.99911333
2188. 2(1,2,3,5) 3(1,3)  4.99846667
2189. 2(1,2,3,6) 3(1,3)  4.99846667
2190. 2(1,3,5) 3(1,2) 4(1) 4.99754667
2191. 2(2,4,5) 3(1,8) 4(1) 4.99754667
2192. 2(1,2,3) 3(1,2,7)  4.99557333
2193. 2(1,3,4) 3(1,6,7)  4.99557333
2194. 2(1,2,5,6) 3(1) 4(1) 4.99554667
2195. 2(1,2,5,8) 3(1) 4(1) 4.99554667
2196. 2(1,6) 3(1,2,3) 4(1) 4.99359333
2197. 2(3,5) 3(1,2,3) 4(1) 4.99359333
2198. 2(1,5) 3(1,2,7) 4(2) 4.99281333
2199. 2(1,8) 3(1,6,7) 4(2) 4.99281333
2200. 2(2) 3(1,2,3) 4(1,2) 4.99137333
2201. 2(1,2) 3(1,2,5) 4(1) 4.99102667
2202. 2(2,3) 3(1,2,5) 4(1) 4.99102667
2203. 2(2,3) 3(1,4,5) 4(1) 4.99102667
2204. 2(3,4) 3(1,4,5) 4(1) 4.99102667
2205. 2(2,5,6) 3(1,3) 4(1) 4.98278
2206. 2(2,7) 3(1,2,3,4)  4.98171333
2207. 2(3,5) 3(1,2,3,8)  4.98171333
2208. 2(2,5,8) 3(1,8) 4(1) 4.97872667
2209. 2(1,5,6) 3(1,2) 4(1) 4.97872667
2210. 2(1,5) 3(1,2,7) 4(1) 4.97813333
2211. 2(1,8) 3(1,6,7) 4(1) 4.97813333
2212. 2(5,6) 3(1,2) 4(1,2) 4.97613333
2213. 2(5,8) 3(1,8) 4(1,2) 4.97613333
2214. 2(2) 3(1,2,3,4,5)  4.97472
2215. 2(3) 3(1,2,3,4,5)  4.97472
2216. 2(5,6,8) 3(1,5) 4(2) 4.97163333
2217. 2(5,6) 3(1,2,5) 4(2) 4.96991333
2218. 2(6,7) 3(1,4,5) 4(2) 4.96991333
2219. 2(2,5,8) 3(1,2,7)  4.96721333
2220. 2(4,5,8) 3(1,6,7)  4.96721333
2221. 2(2,3) 3(1,3,5) 4(1) 4.95648
2222. 2(5,6) 3(1,2,3,5)  4.95315333
2223. 2(6,7) 3(1,3,4,5)  4.95315333
2224. 2(2,4,5) 3(1,2,3)  4.94542667
2225. 2(2,4,6) 3(1,2,3)  4.94542667
2226. 2(1,3,4) 3(1,4) 4(1) 4.94445333
2227. 2(2,3,4) 3(1,6) 4(1) 4.94445333
2228. 2(2,5,6) 3(1,2,7)  4.944
2229. 2(4,7,8) 3(1,6,7)  4.944
2230. 2(1,3,5) 3(1,8) 4(1) 4.94386
2231. 2(2,4,5) 3(1,2) 4(1) 4.94386
2232. 2(1,5,7,8) 3(1) 4(2) 4.93893333
2233. 2(2,5,6,7) 3(1) 4(2) 4.93893333
2234. 2(1,5) 3(1,8) 4(1,2) 4.93861333
2235. 2(2,5) 3(1,2) 4(1,2) 4.93861333
2236. 2(2,3) 3(1,2,3) 4(2) 4.93506667
2237. 2(1,2) 3(1,2,3) 4(2) 4.93506667
2238. 2(1,2,3,6) 3(1) 4(1) 4.93132667
2239. 2(1,2,4,8) 3(1) 4(1) 4.93132667
2240. 2(5) 3(1,2,3,8) 4(1) 4.93064
2241. 2(6) 3(1,2,3,4) 4(1) 4.93064
2242. 2(5,7,8) 3(1,3) 4(2) 4.92881333
2243. 2(6,7,8) 3(1,3) 4(2) 4.92881333
2244. 2(1,2,3,4) 3(1,3)  4.92728
2245. 2(2,3,5) 3(1,3) 4(1) 4.92633333
2246. 2(1,2,6) 3(1,3) 4(1) 4.92633333
2247. 2(2,6) 3(1,2,3,5)  4.92270667
2248. 2(3,6) 3(1,3,4,5)  4.92270667
2249. 2(1,2) 3(1,6,7) 4(1) 4.91948667
2250. 2(1,4) 3(1,2,7) 4(1) 4.91948667
2251. 2(5,6,7) 3(1,5) 4(2) 4.91794667
2252. 2(1,2,3) 3(1,6) 4(1) 4.91573333
2253. 2(1,2,4) 3(1,4) 4(1) 4.91573333
2254. 2(5,7,8) 3(1,6,7)  4.91455333
2255. 2(5,6,8) 3(1,2,7)  4.91455333
2256. 2(2,3) 3(1,3,4,5)  4.91361333
2257. 2(2,3) 3(1,2,3,5)  4.91361333
2258. 2(1,2,4) 3(1,6,7)  4.91316667
2259. 2(1,2,4) 3(1,2,7)  4.91316667
2260. 2(3,6) 3(1,2,3) 4(2) 4.90168
2261. 2(1,5) 3(1,2,3) 4(2) 4.90168
2262. 2(1,2,5,6) 3(1,3)  4.90103333
2263. 2(2,3,5,6) 3(1,3)  4.90103333
2264. 2(6) 3(1,2,3,4,5)  4.90077333
2265. 2(1,6) 3(1,2,3,8)  4.89833333
2266. 2(3,5) 3(1,2,3,4)  4.89833333
2267. 2(1,3,4) 3(1,3) 4(1) 4.89570667
2268. 2(1,2,6) 3(1,8) 4(1) 4.89102
2269. 2(1,2,8) 3(1,2) 4(1) 4.89102
2270. 2(1,5) 3(1,2,3) 4(1) 4.887
2271. 2(3,6) 3(1,2,3) 4(1) 4.887
2272. 2(1,5,6,8) 3(1,2)  4.87452667
2273. 2(2,5,6,8) 3(1,8)  4.87452667
2274. 2(2,5,7) 3(1,2,3)  4.87148
2275. 2(2,6,8) 3(1,2,3)  4.87148
2276. 2(2,3,4) 3(1,5) 4(1) 4.85612
2277. 2(1,2,3) 3(1,5) 4(1) 4.85612
2278. 2(1) 3(1,2,3,8) 4(1) 4.84293333
2279. 2(3) 3(1,2,3,4) 4(1) 4.84293333
2280. 2(1,3,4) 3(1,6) 4(1) 4.83235333
2281. 2(2,3,4) 3(1,4) 4(1) 4.83235333
2282. 2(1,5,8) 3(1,2,7)  4.8319
2283. 2(1,5,8) 3(1,6,7)  4.8319
2284. 2(5,7) 3(1,2,3) 4(2) 4.83038667
2285. 2(6,8) 3(1,2,3) 4(2) 4.83038667
2286. 2(1,5,6,8) 3(1) 4(2) 4.82683333
2287. 2(2,5,6,8) 3(1) 4(2) 4.82683333
2288. 2(2,3,4) 3(1,8) 4(1) 4.8246
2289. 2(1,3,4) 3(1,2) 4(1) 4.8246
2290. 2(1,3) 3(1,2,3) 4(1) 4.82278
2291. 2(1,2,4) 3(1,2,3)  4.82203333
2292. 2(2,3,4) 3(1,2,3)  4.82203333
2293. 2(1,5,7,8) 3(1,8)  4.82084
2294. 2(2,5,6,7) 3(1,2)  4.82084
2295. 2(1,2,5) 3(1,3) 4(1) 4.81974
2296. 2(2,3,6) 3(1,3) 4(1) 4.81974
2297. 2(5,6) 3(1,2,7) 4(2) 4.81499333
2298. 2(7,8) 3(1,6,7) 4(2) 4.81499333
2299. 2(1,2,3,4,5) 4(1) 4.80898667
2300. 2(5,6) 3(1,2,3) 4(1) 4.80121333
2301. 2(5,6,7,8) 3(1,2)  4.79626667
2302. 2(5,6,7,8) 3(1,8)  4.79626667
2303. 2(1,4,8) 3(1,8) 4(1) 4.78442667
2304. 2(2,3,6) 3(1,2) 4(1) 4.78442667
2305. 2(2,4) 3(1,2,3) 4(1) 4.76909333
2306. 2(1,2,3,5) 3(1) 4(1) 4.76554
2307. 2(1,2,4,5) 3(1) 4(1) 4.76554
2308. 2(2,5,8) 3(1,2,3)  4.76495333
2309. 2(2,6,7) 3(1,2,3)  4.76495333
2310. 2(1,2,3) 3(1,4) 4(1) 4.74994667
2311. 2(1,2,4) 3(1,6) 4(1) 4.74994667
2312. 2(5,8) 3(1,2,3,8)  4.74685333
2313. 2(6,7) 3(1,2,3,4)  4.74685333
2314. 2(5,8) 3(1,2,7) 4(2) 4.73161333
2315. 2(5,8) 3(1,6,7) 4(2) 4.73161333
2316. 2(1,2,5,6) 3(1,8)  4.73048
2317. 2(2,3,5,6) 3(1,2)  4.73048
2318. 2(2,5,6) 3(1,3) 4(2) 4.72992667
2319. 2(1,4,5) 3(1,8) 4(1) 4.72523333
2320. 2(2,3,5) 3(1,2) 4(1) 4.72523333
2321. 2(5,8) 3(1,2,3) 4(2) 4.72386
2322. 2(6,7) 3(1,2,3) 4(2) 4.72386
2323. 2(1,2,5) 3(1,2,7)  4.71134
2324. 2(1,4,8) 3(1,6,7)  4.71134
2325. 2(1,2,4,5) 3(1,8)  4.70874
2326. 2(2,5,6,8) 3(1,2)  4.70874
2327. 2(2,5,6) 3(1,2) 4(1) 4.70634667
2328. 2(1,5,8) 3(1,8) 4(1) 4.70634667
2329. 2(1,2,4) 3(1,3) 4(1) 4.7012
2330. 2(2,3,4) 3(1,3) 4(1) 4.7012
2331. 2(1,2,6) 3(1,2) 4(1) 4.69651333
2332. 2(1,2,8) 3(1,8) 4(1) 4.69651333
2333. 2(2,3,4) 3(1,2) 4(1) 4.65881333
2334. 2(1,3,4) 3(1,8) 4(1) 4.65881333
2335. 2(1,5,6) 3(1,2,3)  4.65285333
2336. 2(3,5,6) 3(1,2,3)  4.65285333
2337. 2(5,6,7) 3(1,3) 4(2) 4.65092667
2338. 2(5,6,8) 3(1,3) 4(2) 4.65092667
2339. 2(2) 3(1,2,3,4) 4(1) 4.64842667
2340. 2(2) 3(1,2,3,8) 4(1) 4.64842667
2341. 2(1,4) 3(1,6,7) 4(1) 4.6416
2342. 2(1,2) 3(1,2,7) 4(1) 4.6416
2343. 2(5,6,7) 3(1,2,3)  4.62891333
2344. 2(5,6,8) 3(1,2,3)  4.62891333
2345. 2(1,5) 3(1,2,3,8)  4.59723333
2346. 2(2,5) 3(1,2,3,4)  4.59723333
2347. 2(2,5) 3(1,2,3) 4(2) 4.54138667
2348. 2(2,6) 3(1,2,3) 4(2) 4.54138667
2349. 2(1,2,5,6) 3(1,2)  4.53597333
2350. 2(1,2,5,8) 3(1,8)  4.53597333
2351. 2(1,2,6) 3(1,2,3)  4.53229333
2352. 2(2,3,5) 3(1,2,3)  4.53229333
2353. 2(2,5) 3(1,2,3) 4(1) 4.52670667
2354. 2(2,6) 3(1,2,3) 4(1) 4.52670667
2355. 2(1,2,3) 3(1,2,3)  4.51542667
2356. 2(1,2,3) 3(1,3) 4(1) 4.50669333
2357. 2(5,6) 3(1,2,3,4)  4.46896667
2358. 2(5,6) 3(1,2,3,8)  4.46896667
2359. 2(1,2,3) 3(1,8) 4(1) 4.46430667
2360. 2(1,2,4) 3(1,2) 4(1) 4.46430667
2361. 2(1,2,5) 3(1,2,3)  4.4257
2362. 2(2,3,6) 3(1,2,3)  4.4257
2363. 2(1,2,5) 3(1,2) 4(1) 4.42413333
2364. 2(1,2,5) 3(1,8) 4(1) 4.42413333
2365. 2(2,5) 3(1,2,3,8)  4.40272667
2366. 2(2,6) 3(1,2,3,4)  4.40272667
2367. 2(5,6,7,8) 3(1) 4(2) 4.39241333
2368. 2(1,2) 3(1,2,3) 4(1) 4.35596
2369. 2(2,3) 3(1,2,3) 4(1) 4.35596
2370. 2(1,2,3) 3(1,2) 4(1) 4.35220667
2371. 2(1,2,4) 3(1,8) 4(1) 4.35220667
2372. 2(1,2,3,4) 3(1) 4(1) 4.33819333
2373. 2(5,6) 3(1,2,3) 4(2) 4.25146667
2374. 2(2,5,6) 3(1,2,3)  4.18596667
