1. 2(1,3,5,7) 3(1,2,3,4,5,6,7,8) 4(1,2) 5.57533407
2. 2(2,4,5,7) 3(1,2,3,4,5,6,7,8) 4(1,2) 5.57533407
3. 2(1,4,5,6) 3(1,2,3,4,5,6,7,8) 4(1,2) 5.55778571
4. 2(2,3,5,8) 3(1,2,3,4,5,6,7,8) 4(1,2) 5.55778571
5. 2(1,2,5,7) 3(1,2,3,4,5,6,7,8) 4(1,2) 5.55777473
6. 2(2,3,5,7) 3(1,2,3,4,5,6,7,8) 4(1,2) 5.55777473
7. 2(1,2,5,7,8) 3(1,2,3,4,5,6,7) 4(1,2) 5.5523044
8. 2(1,4,5,6,8) 3(1,2,3,4,5,6,7) 4(1,2) 5.5523044
9. 2(1,3,5,7,8) 3(1,2,3,4,5,6,7) 4(1,2) 5.55138571
10. 2(1,3,5,6,8) 3(1,2,3,4,5,6,7) 4(1,2) 5.55138571
11. 2(1,2,4,5,7) 3(1,2,3,4,5,6,7) 4(1,2) 5.54999121
12. 2(1,2,4,6,8) 3(1,2,3,4,5,6,7) 4(1,2) 5.54999121
13. 2(2,3,4,6,7,8) 3(1,2,4,5,7,8) 4(1,2) 5.54863516
14. 2(1,3,4,6,7,8) 3(1,2,3,5,6,8) 4(1,2) 5.54863516
15. 2(1,2,4,5,7,8) 3(1,2,3,4,5,7) 4(1,2) 5.54814286
16. 2(1,3,4,5,7,8) 3(1,2,3,4,5,7) 4(1,2) 5.54814286
17. 2(1,2,4,5,8) 3(1,2,3,4,5,6,7) 4(1,2) 5.54692308
18. 2(1,2,3,5,8) 3(1,2,3,4,5,6,7) 4(1,2) 5.54601538
19. 2(1,3,4,5,8) 3(1,2,3,4,5,6,7) 4(1,2) 5.54601538
20. 2(2,4,5,6,8) 3(1,2,3,4,5,6,7) 4(1,2) 5.54253626
21. 2(2,4,5,7,8) 3(1,2,3,4,5,6,7) 4(1,2) 5.54253626
22. 2(1,2,3,5,7,8) 3(1,2,3,5,6,7) 4(1,2) 5.54070989
23. 2(1,3,4,5,6,8) 3(1,2,3,5,6,7) 4(1,2) 5.54070989
24. 2(1,3,4,5,6,7) 3(1,2,4,5,7,8) 4(1,2) 5.53903846
25. 2(2,3,4,5,7,8) 3(1,2,3,5,6,8) 4(1,2) 5.53903846
26. 2(1,3,4,5,6,7) 3(1,2,3,5,6,8) 4(1,2) 5.53887802
27. 2(2,3,4,5,7,8) 3(1,2,4,5,7,8) 4(1,2) 5.53887802
28. 2(1,3,4,5,7,8) 3(1,2,3,4,5,8) 4(1,2) 5.53850769
29. 2(1,2,4,5,7,8) 3(1,2,3,4,5,6) 4(1,2) 5.53850769
30. 2(1,2,6,7,8) 3(1,2,3,4,5,6,7) 4(1,2) 5.53781319
31. 2(1,4,5,6,7) 3(1,2,3,4,5,6,7) 4(1,2) 5.53781319
32. 2(2,3,5,7,8) 3(1,2,3,4,5,6,7,8) 4(1) 5.53750549
33. 2(1,3,5,6,7) 3(1,2,3,4,5,6,7,8) 4(1) 5.53749451
34. 2(2,4,5,6,7) 3(1,2,3,4,5,6,7,8) 4(1) 5.53749451
35. 2(1,2,3,4,5,8) 3(1,2,3,4,5,6,7) 4(2) 5.53671538
36. 2(2,5,7,8) 3(1,2,3,4,5,6,7,8) 4(1,2) 5.53663187
37. 2(1,5,6,7) 3(1,2,3,4,5,6,7,8) 4(1,2) 5.53663187
38. 2(2,3,4,5,8) 3(1,2,3,4,5,6,7) 4(1,2) 5.53625824
39. 2(1,3,4,5,7,8) 3(1,2,3,5,6,8) 4(1,2) 5.53505165
40. 2(2,3,4,5,6,7) 3(1,2,4,5,7,8) 4(1,2) 5.53505165
41. 2(1,2,5,6,8) 3(1,2,3,4,5,6,7) 4(1,2) 5.53473407
42. 2(1,4,5,7,8) 3(1,2,3,4,5,6,7) 4(1,2) 5.53473407
43. 2(2,3,4,5,6,8) 3(1,2,4,5,7,8) 4(1,2) 5.53414396
44. 2(1,3,4,5,6,8) 3(1,2,3,5,6,8) 4(1,2) 5.53414396
45. 2(1,2,4,6,7,8) 3(1,2,3,4,5,7) 4(1,2) 5.53365165
46. 2(1,3,4,5,6,8) 3(1,2,3,4,5,7) 4(1,2) 5.53365165
47. 2(1,2,4,5,6) 3(1,2,3,4,5,6,7) 4(1,2) 5.53243187
48. 2(1,2,4,7,8) 3(1,2,3,4,5,6,7) 4(1,2) 5.53243187
49. 2(1,2,4,5,6,7) 3(1,2,3,5,6,7) 4(1,2) 5.53186044
50. 2(2,3,4,5,6,8) 3(1,2,3,5,6,7) 4(1,2) 5.53186044
51. 2(1,3,4,5,6,7,8) 3(1,2,3,5,7) 4(1,2) 5.53160549
52. 2(1,2,3,7,8) 3(1,2,3,4,5,6,7) 4(1,2) 5.53152418
53. 2(1,3,4,5,6) 3(1,2,3,4,5,6,7) 4(1,2) 5.53152418
54. 2(1,2,3,5,7) 3(1,2,3,4,5,6,7) 4(1,2) 5.53151319
55. 2(1,3,4,5,7) 3(1,2,3,4,5,6,7) 4(1,2) 5.53151319
56. 2(1,2,3,6,8) 3(1,2,3,4,5,6,7) 4(1,2) 5.53151319
57. 2(1,3,4,6,8) 3(1,2,3,4,5,6,7) 4(1,2) 5.53151319
58. 2(1,2,5,6,7,8) 3(1,2,3,4,5,6,7) 4(1) 5.5283956
59. 2(1,4,5,6,7,8) 3(1,2,3,4,5,6,7) 4(1) 5.5283956
60. 2(1,3,4,5,6,7,8) 3(1,2,3,5,6,8) 4(1) 5.5279011
61. 2(2,3,4,5,6,7,8) 3(1,2,4,5,7,8) 4(1) 5.5279011
62. 2(1,3,5,6,7,8) 3(1,2,3,4,5,6,7) 4(1) 5.52747692
63. 2(1,3,5,6,7,8) 3(1,2,3,5,6,7) 4(1,2) 5.52723956
64. 2(2,5,6,7,8) 3(1,2,3,4,5,6,7,8) 4(1) 5.52415714
65. 2(1,2,4,5,6,7,8) 3(1,2,4,5,7) 4(1,2) 5.52413736
66. 2(1,3,4,5,6,7,8) 3(1,2,4,5,7) 4(1,2) 5.52413736
67. 2(2,3,5,7,8) 3(1,2,3,4,5,6,7) 4(1,2) 5.52406923
68. 2(3,4,5,6,8) 3(1,2,3,4,5,6,7) 4(1,2) 5.52406923
69. 2(1,2,3,4,5,7,8) 3(1,2,3,4,5,7) 4(2) 5.52353956
70. 2(1,2,3,4,5,6,7,8) 3(1,3,5,7) 4(1,2) 5.5231956
71. 2(1,2,3,5,6,7) 3(1,2,3,5,6,7) 4(1,2) 5.52313956
72. 2(1,2,3,5,6,8) 3(1,2,3,5,6,7) 4(1,2) 5.52313956
73. 2(1,2,5,6) 3(1,2,3,4,5,6,7,8) 4(1,2) 5.52264505
74. 2(2,3,5,6) 3(1,2,3,4,5,6,7,8) 4(1,2) 5.52264505
75. 2(1,2,3,4,5,7,8) 3(1,2,4,5,7) 4(1,2) 5.52258242
76. 2(1,2,3,4,5,7) 3(1,2,3,4,5,6,7) 4(2) 5.52221319
77. 2(1,2,3,4,6,8) 3(1,2,3,4,5,6,7) 4(2) 5.52221319
78. 2(1,4,5,6,7,8) 3(1,2,3,4,5,7) 4(1,2) 5.5211
79. 2(1,2,3,5,7,8) 3(1,2,3,5,6,8) 4(1,2) 5.52056044
80. 2(1,2,4,5,6,7) 3(1,2,4,5,7,8) 4(1,2) 5.52056044
81. 2(1,2,5,6,7) 3(1,2,3,4,5,6,7) 4(1,2) 5.52024286
82. 2(1,4,6,7,8) 3(1,2,3,4,5,6,7) 4(1,2) 5.52024286
83. 2(1,2,4,5,7,8) 3(1,2,3,4,5,8) 4(1,2) 5.52002967
84. 2(1,3,4,5,7,8) 3(1,2,3,4,5,6) 4(1,2) 5.52002967
85. 2(1,2,5,6,7) 3(1,2,3,4,5,6,7,8) 4(1) 5.51993516
86. 2(1,2,5,7,8) 3(1,2,3,4,5,6,7,8) 4(1) 5.51993516
87. 2(1,2,3,5,7,8) 3(1,2,3,4,5,7) 4(1,2) 5.51990769
88. 2(2,3,4,5,7,8) 3(1,2,3,4,5,7) 4(1,2) 5.51990769
89. 2(1,2,3,5,6,7,8) 3(1,2,3,5,6,7) 4(1) 5.51985824
90. 2(1,3,5,6,7) 3(1,2,3,4,5,6,7) 4(1,2) 5.51932418
91. 2(1,3,6,7,8) 3(1,2,3,4,5,6,7) 4(1,2) 5.51932418
92. 2(1,2,4,6,7,8) 3(1,2,3,4,5,8) 4(1,2) 5.51912198
93. 2(1,3,4,5,6,8) 3(1,2,3,4,5,6) 4(1,2) 5.51912198
94. 2(2,5,6,7) 3(1,2,3,4,5,6,7,8) 4(1,2) 5.51906154
95. 2(3,5,6,7) 3(1,2,3,4,5,6,7,8) 4(1,2) 5.51906154
96. 2(2,4,5,6,7,8) 3(1,2,3,4,5,6,7) 4(1) 5.51862747
97. 2(1,2,4,6,7) 3(1,2,3,4,5,6,7) 4(1,2) 5.51794066
98. 2(1,2,3,4,5,6,8) 3(1,2,4,5,7) 4(1,2) 5.51784835
99. 2(1,2,3,4,6,7,8) 3(1,2,4,5,7) 4(1,2) 5.51784835
100. 2(1,2,3,4,5,7,8) 3(1,2,3,5,7) 4(1,2) 5.51763297
101. 2(1,2,3,4,6,7,8) 3(1,2,3,5,7) 4(1,2) 5.51763297
102. 2(1,2,4,5,7,8) 3(1,2,3,4,5,6,7) 4(2) 5.51762857
103. 2(1,2,4,5,6,8) 3(1,2,3,4,5,6,7) 4(2) 5.51762857
104. 2(1,2,3,4,5,6,7) 3(1,2,3,5,6,7) 4(2) 5.51701429
105. 2(1,2,3,4,5,6,8) 3(1,2,3,5,6,7) 4(2) 5.51701429
106. 2(1,2,3,5,7,8) 3(1,2,3,4,5,6,7) 4(2) 5.51672088
107. 2(1,3,4,5,6,8) 3(1,2,3,4,5,6,7) 4(2) 5.51672088
108. 2(1,2,3,4,6,7,8) 3(1,2,4,5,8) 4(1,2) 5.51617363
109. 2(1,3,4,5,6,7,8) 3(1,2,3,5,6) 4(1,2) 5.51617363
110. 2(1,2,4,5,6,8) 3(1,2,3,4,5,7) 4(1,2) 5.51608132
111. 2(1,3,4,6,7,8) 3(1,2,3,4,5,7) 4(1,2) 5.51608132
112. 2(1,2,4,5,7,8) 3(1,2,3,4,5,6,7) 4(1) 5.51520879
113. 2(1,2,4,5,6,8) 3(1,2,3,4,5,6,7) 4(1) 5.51520879
114. 2(1,2,3,4,5,7,8) 3(1,2,3,5,6) 4(1,2) 5.51477912
115. 2(1,3,4,5,6,7,8) 3(1,2,4,5,8) 4(1,2) 5.51477912
116. 2(1,3,4,5,6,7,8) 3(1,2,4,5,7,8) 4(1) 5.51431758
117. 2(2,3,4,5,6,7,8) 3(1,2,3,5,6,8) 4(1) 5.51431758
118. 2(1,2,3,5,7,8) 3(1,2,3,4,5,6,7) 4(1) 5.5143011
119. 2(1,3,4,5,6,8) 3(1,2,3,4,5,6,7) 4(1) 5.5143011
120. 2(1,2,4,5,6,8) 3(1,2,3,5,6,7) 4(1,2) 5.51429011
121. 2(2,3,4,5,6,7) 3(1,2,3,5,6,7) 4(1,2) 5.51429011
122. 2(3,4,5,6,7,8) 3(1,2,3,5,6,8) 4(1,2) 5.51390879
123. 2(3,4,5,6,7,8) 3(1,2,4,5,7,8) 4(1,2) 5.51390879
124. 2(2,4,5,6,7,8) 3(1,2,4,5,7,8) 4(1,2) 5.51299011
125. 2(1,3,5,6,7,8) 3(1,2,3,5,6,8) 4(1,2) 5.51299011
126. 2(1,2,4,5,6,7,8) 3(1,2,3,4,5,7) 4(1) 5.5128
127. 2(1,3,4,5,6,7,8) 3(1,2,3,4,5,7) 4(1) 5.5128
128. 2(1,2,3,4,5,7) 3(1,2,3,5,6,7) 4(1,2) 5.51187253
129. 2(1,2,3,4,6,8) 3(1,2,3,5,6,7) 4(1,2) 5.51187253
130. 2(1,2,3,5,7,8) 3(1,2,4,5,7,8) 4(1,2) 5.51155055
131. 2(1,2,4,5,6,7) 3(1,2,3,5,6,8) 4(1,2) 5.51155055
132. 2(2,3,4,5,6,7,8) 3(1,2,3,5,6,7) 4(1) 5.51100879
133. 2(2,4,5,6,7) 3(1,2,3,4,5,6,7) 4(1,2) 5.51047473
134. 2(2,4,6,7,8) 3(1,2,3,4,5,6,7) 4(1,2) 5.51047473
135. 2(1,2,3,5,6,7,8) 3(1,2,4,5,7) 4(1,2) 5.51039341
136. 2(2,3,4,5,6,7,8) 3(1,2,4,5,7) 4(1,2) 5.51039341
137. 2(1,2,4,5,6,7) 3(1,2,3,4,5,6,7,8)  5.50985714
138. 2(1,2,3,5,7,8) 3(1,2,3,4,5,6,7,8)  5.50985714
139. 2(2,4,5,6,7,8) 3(1,2,3,5,6,7) 4(1,2) 5.50954066
140. 2(1,3,4,5,6,7,8) 3(1,2,3,5,8) 4(1,2) 5.50911538
141. 2(2,3,4,5,6,7,8) 3(1,2,5,7,8) 4(1,2) 5.50911538
142. 2(1,2,3,5,6,7) 3(1,2,4,5,7,8) 4(1,2) 5.50772418
143. 2(2,3,4,5,6,7) 3(1,2,3,5,6,8) 4(1,2) 5.50772418
144. 2(1,2,3,4,5,6,7,8) 3(1,2,5,7) 4(1,2) 5.50748681
145. 2(1,2,3,4,5,6,7,8) 3(1,3,5,8) 4(1,2) 5.50748681
146. 2(1,2,3,4,5,7,8) 3(1,2,4,5,8) 4(1,2) 5.50732418
147. 2(1,2,4,5,6,7,8) 3(1,2,3,5,6) 4(1,2) 5.50732418
148. 2(2,3,5,6,8) 3(1,2,3,4,5,6,7) 4(1,2) 5.5064989
149. 2(3,4,5,7,8) 3(1,2,3,4,5,6,7) 4(1,2) 5.5064989
150. 2(1,2,3,4,5,6,7,8) 3(1,2,3,5,6,7)  5.50636484
151. 2(2,3,4,5,7,8) 3(1,2,3,4,5,8) 4(1,2) 5.50553846
152. 2(1,2,3,5,7,8) 3(1,2,3,4,5,6) 4(1,2) 5.50553846
153. 2(1,2,3,4,5,6,7,8) 3(1,2,5,6) 4(1,2) 5.50490989
154. 2(1,2,3,4,5,6,7,8) 3(1,4,5,8) 4(1,2) 5.50490989
155. 2(1,2,3,4,5,6) 3(1,2,3,4,5,6,7) 4(2) 5.50465385
156. 2(1,2,3,4,7,8) 3(1,2,3,4,5,6,7) 4(2) 5.50465385
157. 2(1,2,4,5,6,7,8) 3(1,2,3,5,7) 4(1,2) 5.50427802
158. 2(2,3,4,5,6,7,8) 3(1,2,3,5,7) 4(1,2) 5.50427802
159. 2(1,2,3,4,5,6,7) 3(1,2,4,5,7) 4(1,2) 5.50426484
160. 2(2,3,4,5,7) 3(1,2,3,4,5,6,7) 4(1,2) 5.50418571
161. 2(2,3,4,6,8) 3(1,2,3,4,5,6,7) 4(1,2) 5.50418571
162. 2(1,2,3,4,5,7) 3(1,2,4,5,7,8) 4(1,2) 5.50414066
163. 2(2,4,5,6,7,8) 3(1,2,3,5,6,8) 4(1,2) 5.50414066
164. 2(1,2,4,5,6,7,8) 3(1,2,3,4,5,6,7)  5.50392198
165. 2(1,2,4,5,6,7) 3(1,2,3,4,5,6,7) 4(2) 5.50313736
166. 2(1,2,4,6,7,8) 3(1,2,3,4,5,6,7) 4(2) 5.50313736
167. 2(1,2,3,4,6,7,8) 3(1,2,3,5,8) 4(1,2) 5.50282637
168. 2(1,2,3,4,6,7,8) 3(1,2,5,7,8) 4(1,2) 5.50282637
169. 2(1,2,3,4,5,6,7,8) 3(1,2,4,5,7) 4(2) 5.50259121
170. 2(2,3,5,6,7) 3(1,2,3,4,5,6,7,8) 4(1) 5.50236484
171. 2(1,2,4,5,6,7) 3(1,2,3,4,5,7) 4(1,2) 5.50159011
172. 2(1,3,4,5,6,7) 3(1,2,3,4,5,7) 4(1,2) 5.50159011
173. 2(1,2,3,4,5,6,7,8) 3(1,2,4,7) 4(1,2) 5.50092088
174. 2(1,2,3,4,5,6,7,8) 3(1,3,6,8) 4(1,2) 5.50092088
175. 2(1,2,3,4,5,8) 3(1,2,3,4,5,7) 4(1,2) 5.50083846
176. 2(1,2,3,4,7,8) 3(1,2,3,4,5,7) 4(1,2) 5.50083846
177. 2(1,2,5,6,7,8) 3(1,2,3,5,6,7) 4(1,2) 5.50083077
178. 2(2,3,5,6,7,8) 3(1,2,3,5,6,7) 4(1,2) 5.50083077
179. 2(1,2,4,5,6,7) 3(1,2,3,4,5,6,7) 4(1) 5.50071758
180. 2(1,2,4,6,7,8) 3(1,2,3,4,5,6,7) 4(1) 5.50071758
181. 2(1,2,4,5,6,7,8) 3(1,2,3,5,6,8) 4(1) 5.50057363
182. 2(1,2,3,5,6,7,8) 3(1,2,4,5,7,8) 4(1) 5.50057363
183. 2(1,2,3,4,5,6,7,8) 3(1,2,4,5,7) 4(1) 5.50017143
184. 2(1,4,5,6,7,8) 3(1,2,3,5,6,8) 4(1,2) 5.50016484
185. 2(2,3,5,6,7,8) 3(1,2,4,5,7,8) 4(1,2) 5.50016484
186. 2(1,2,3,4,5,6,7,8) 3(1,2,3,5,6,8)  5.4997989
187. 2(1,2,3,4,5,6,7,8) 3(1,2,4,5,7,8)  5.4997989
188. 2(1,2,4,5,6,7,8) 3(1,2,3,4,5,6) 4(1) 5.4992956
189. 2(1,3,4,5,6,7,8) 3(1,2,3,4,5,8) 4(1) 5.4992956
190. 2(1,2,3,5,6,8) 3(1,2,3,4,5,6,7) 4(2) 5.49915055
191. 2(1,3,4,5,7,8) 3(1,2,3,4,5,6,7) 4(2) 5.49915055
192. 2(1,4,5,6,7,8) 3(1,2,3,4,5,8) 4(1,2) 5.49888681
193. 2(1,4,5,6,7,8) 3(1,2,3,4,5,6) 4(1,2) 5.49888681
194. 2(1,5,6,7,8) 3(1,2,3,4,5,6,7) 4(1,2) 5.49781868
195. 2(1,2,3,4,5,7,8) 3(1,2,3,4,5,6,7)  5.49763297
196. 2(1,2,3,4,5,6,8) 3(1,2,3,4,5,6,7)  5.49763297
197. 2(1,2,3,5,6,8) 3(1,2,3,4,5,6,7) 4(1) 5.49673077
198. 2(1,3,4,5,7,8) 3(1,2,3,4,5,6,7) 4(1) 5.49673077
199. 2(1,2,3,5,6) 3(1,2,3,4,5,6,7) 4(1,2) 5.49638352
200. 2(1,3,4,7,8) 3(1,2,3,4,5,6,7) 4(1,2) 5.49638352
201. 2(1,2,3,4,5,6,8) 3(1,2,3,5,6) 4(1,2) 5.4963011
202. 2(1,2,3,4,6,7,8) 3(1,2,3,5,6) 4(1,2) 5.4963011
203. 2(1,2,4,5,6,7,8) 3(1,2,4,5,8) 4(1,2) 5.4963011
204. 2(2,3,4,5,6,7,8) 3(1,2,4,5,8) 4(1,2) 5.4963011
205. 2(1,2,3,5,6,7,8) 3(1,2,3,5,6,8) 4(1) 5.49583956
206. 2(1,2,4,5,6,7,8) 3(1,2,4,5,7,8) 4(1) 5.49583956
207. 2(1,2,3,4,5,6) 3(1,2,3,5,6,7) 4(1,2) 5.49431319
208. 2(1,2,3,4,5,8) 3(1,2,3,5,6,7) 4(1,2) 5.49431319
209. 2(2,4,5,6,7,8) 3(1,2,3,4,5,7) 4(1,2) 5.49285385
210. 2(1,3,5,6,7,8) 3(1,2,3,4,5,7) 4(1,2) 5.49285385
211. 2(1,2,3,4,5,6,7,8) 3(1,2,3,5,7) 4(2) 5.49260659
212. 2(2,3,4,5,6,7) 3(1,2,3,4,5,6,7,8)  5.49228681
213. 2(1,2,3,5,6,7) 3(1,2,3,4,5,6,7,8)  5.49228681
214. 2(1,2,3,4,5,6,8) 3(1,2,3,4,5,7) 4(2) 5.49147802
215. 2(1,2,3,4,6,7,8) 3(1,2,3,4,5,7) 4(2) 5.49147802
216. 2(2,3,4,5,8) 3(1,2,3,4,5,6,7,8) 4(1) 5.49098681
217. 2(1,2,3,5,7) 3(1,2,3,4,5,6,7,8) 4(1) 5.49097582
218. 2(2,3,4,5,7) 3(1,2,3,4,5,6,7,8) 4(1) 5.49097582
219. 2(2,3,4,5,7,8) 3(1,2,3,4,5,6,7) 4(2) 5.48939341
220. 2(2,3,4,5,6,8) 3(1,2,3,4,5,6,7) 4(2) 5.48939341
221. 2(1,2,3,5,6,7) 3(1,2,3,5,6,8) 4(1,2) 5.48924615
222. 2(1,2,4,5,7,8) 3(1,2,4,5,7,8) 4(1,2) 5.48924615
223. 2(1,2,3,4,5,6,7) 3(1,2,5,7,8) 4(1,2) 5.48924286
224. 2(1,2,3,4,5,7,8) 3(1,2,3,5,8) 4(1,2) 5.48924286
225. 2(2,4,5,6,7,8) 3(1,2,3,4,5,6,7,8)  5.4887033
226. 2(1,2,3,6,7,8) 3(1,2,3,4,5,7) 4(1,2) 5.48784615
227. 2(2,3,4,5,6,8) 3(1,2,3,4,5,7) 4(1,2) 5.48784615
228. 2(2,3,4,5,6,8) 3(1,2,3,4,5,6,7) 4(1) 5.48697363
229. 2(2,3,4,5,7,8) 3(1,2,3,4,5,6,7) 4(1) 5.48697363
230. 2(2,3,4,5,6) 3(1,2,3,4,5,6,7) 4(1,2) 5.48662637
231. 2(2,3,4,7,8) 3(1,2,3,4,5,6,7) 4(1,2) 5.48662637
232. 2(1,2,3,4,5,7) 3(1,2,3,4,5,7) 4(1,2) 5.48633626
233. 2(1,2,3,4,6,8) 3(1,2,3,4,5,7) 4(1,2) 5.48633626
234. 2(1,2,3,5,6,7,8) 3(1,2,3,5,7) 4(1,2) 5.4858
235. 2(1,2,3,4,5,6,7) 3(1,2,3,5,7) 4(1,2) 5.48557143
236. 2(1,2,3,4,5,6,8) 3(1,2,3,5,7) 4(1,2) 5.48557143
237. 2(1,2,3,5,6,7,8) 3(1,2,3,4,5,6,7)  5.48544396
238. 2(1,3,4,5,6,7,8) 3(1,2,3,4,5,6,7)  5.48544396
239. 2(1,2,3,4,5,6,7,8) 3(1,2,3,5,7) 4(1) 5.48534725
240. 2(1,3,4,5,6,7) 3(1,2,3,4,5,6,7) 4(2) 5.48465934
241. 2(1,2,3,6,7,8) 3(1,2,3,4,5,6,7) 4(2) 5.48465934
242. 2(1,2,4,5,6,8) 3(1,2,4,5,7,8) 4(1,2) 5.48451209
243. 2(1,2,3,5,6,8) 3(1,2,3,5,6,8) 4(1,2) 5.48451209
244. 2(1,2,3,4,5,6,8) 3(1,2,4,5,8) 4(1,2) 5.48411209
245. 2(1,2,3,5,6,7,8) 3(1,2,3,5,6) 4(1,2) 5.48411209
246. 2(1,2,3,4,5) 3(1,2,3,4,5,6,7) 4(1,2) 5.48384615
247. 2(1,2,3,4,8) 3(1,2,3,4,5,6,7) 4(1,2) 5.48384615
248. 2(2,3,5,6,7,8) 3(1,2,3,4,5,6,7) 4(1) 5.48259011
249. 2(3,4,5,6,7,8) 3(1,2,3,4,5,6,7) 4(1) 5.48259011
250. 2(1,2,3,6,7,8) 3(1,2,3,4,5,6,7) 4(1) 5.48223956
251. 2(1,3,4,5,6,7) 3(1,2,3,4,5,6,7) 4(1) 5.48223956
252. 2(1,2,3,6,7) 3(1,2,3,4,5,6,7) 4(1,2) 5.48189231
253. 2(1,3,4,6,7) 3(1,2,3,4,5,6,7) 4(1,2) 5.48189231
254. 2(1,4,5,6,7,8) 3(1,2,4,5,7,8) 4(1,2) 5.48184725
255. 2(2,3,5,6,7,8) 3(1,2,3,5,6,8) 4(1,2) 5.48184725
256. 2(1,2,3,4,6,7,8) 3(1,2,3,5,6,8) 4(1) 5.48138242
257. 2(1,2,3,4,6,7,8) 3(1,2,4,5,7,8) 4(1) 5.48138242
258. 2(1,2,3,4,5,6,7,8) 3(1,2,4,5,8) 4(1) 5.48104396
259. 2(1,2,3,4,5,6,7,8) 3(1,2,3,5,6) 4(2) 5.48104396
260. 2(1,2,3,4,5,6,7,8) 3(1,2,3,4,5,7)  5.48082857
261. 2(1,2,4,5,6,7,8) 3(1,2,3,4,5,8) 4(1) 5.48081758
262. 2(1,3,4,5,6,7,8) 3(1,2,3,4,5,6) 4(1) 5.48081758
263. 2(1,2,3,4,5,6,7,8) 3(1,2,4,5) 4(1,2) 5.47937363
264. 2(1,2,3,4,5,6,7,8) 3(1,2,5,8) 4(1,2) 5.47937363
265. 2(1,2,3,4,5,6,7,8) 3(1,2,4,5,8) 4(2) 5.47862418
266. 2(1,2,3,4,5,6,7,8) 3(1,2,3,5,6) 4(1) 5.47862418
267. 2(1,2,3,5,7,8) 3(1,2,3,4,5,8) 4(1,2) 5.47821099
268. 2(1,2,4,5,6,7) 3(1,2,3,4,5,6) 4(1,2) 5.47821099
269. 2(1,2,3,5,6,7,8) 3(1,2,3,5,6,7) 4(2) 5.47817912
270. 2(1,3,4,5,6,7,8) 3(1,2,5,7,8) 4(1,2) 5.47705385
271. 2(2,3,4,5,6,7,8) 3(1,2,3,5,8) 4(1,2) 5.47705385
272. 2(3,4,5,6,7,8) 3(1,2,3,4,5,7) 4(1,2) 5.47529451
273. 2(1,2,5,6,7,8) 3(1,2,3,4,5,7) 4(1,2) 5.47529451
274. 2(1,2,3,4,5,6,7) 3(1,2,4,5,8) 4(1,2) 5.47526264
275. 2(2,3,4,5,6,7,8) 3(1,2,3,5,6) 4(1,2) 5.47526264
276. 2(2,3,6,7,8) 3(1,2,3,4,5,6,7) 4(1,2) 5.47443736
277. 2(3,4,5,6,7) 3(1,2,3,4,5,6,7) 4(1,2) 5.47443736
278. 2(1,2,3,4,5,7,8) 3(1,2,3,4,5) 4(1,2) 5.47422088
279. 2(1,2,4,5,6) 3(1,2,3,4,5,6,7,8) 4(1) 5.47341648
280. 2(2,3,4,5,6) 3(1,2,3,4,5,6,7,8) 4(1) 5.47341648
281. 2(1,2,3,4,6,7) 3(1,2,3,4,5,6,7) 4(2) 5.47259231
282. 2(1,2,3,4,5,7,8) 3(1,2,3,4,5,7) 4(1) 5.47218132
283. 2(2,3,5,6,7,8) 3(1,2,3,4,5,6,7,8)  5.47114396
284. 2(1,2,4,5,6,7,8) 3(1,2,3,4,5,7) 4(2) 5.47112088
285. 2(1,3,4,5,6,7,8) 3(1,2,3,4,5,7) 4(2) 5.47112088
286. 2(2,5,6,7,8) 3(1,2,3,4,5,6,7) 4(1,2) 5.47049121
287. 2(4,5,6,7,8) 3(1,2,3,4,5,6,7) 4(1,2) 5.47049121
288. 2(2,3,4,6,7,8) 3(1,2,3,4,5,7) 4(1,2) 5.47027582
289. 2(1,2,3,5,6,8) 3(1,2,3,4,5,7) 4(1,2) 5.47027582
290. 2(1,2,4,5,6,8) 3(1,2,3,4,5,8) 4(1,2) 5.46949011
291. 2(1,2,3,5,6,8) 3(1,2,3,4,5,6) 4(1,2) 5.46949011
292. 2(2,3,4,5,6,7,8) 3(1,2,3,5,6,7) 4(2) 5.46932967
293. 2(1,2,3,4,5,6,7) 3(1,2,3,5,6) 4(1,2) 5.46897363
294. 2(1,2,3,5,6,7,8) 3(1,2,4,5,8) 4(1,2) 5.46897363
295. 2(1,2,5,6,7,8) 3(1,2,4,5,7,8) 4(1,2) 5.4681033
296. 2(1,2,5,6,7,8) 3(1,2,3,5,6,8) 4(1,2) 5.4681033
297. 2(1,2,3,4,5,6,7) 3(1,2,4,5,7,8) 4(1) 5.4677989
298. 2(1,2,3,4,5,7,8) 3(1,2,3,5,6,8) 4(1) 5.4677989
299. 2(1,2,3,5,6,7) 3(1,2,3,4,5,6,7) 4(2) 5.46708901
300. 2(1,3,4,6,7,8) 3(1,2,3,4,5,6,7) 4(2) 5.46708901
301. 2(1,2,3,5,6,7,8) 3(1,2,3,4,5,7) 4(1) 5.46699451
302. 2(2,3,4,5,6,7,8) 3(1,2,3,4,5,7) 4(1) 5.46699451
303. 2(3,4,5,6,7,8) 3(1,2,3,4,5,8) 4(1,2) 5.46682527
304. 2(1,2,5,6,7,8) 3(1,2,3,4,5,6) 4(1,2) 5.46682527
305. 2(2,4,5,6,7,8) 3(1,2,3,4,5,8) 4(1,2) 5.46590659
306. 2(1,3,5,6,7,8) 3(1,2,3,4,5,6) 4(1,2) 5.46590659
307. 2(1,2,3,4,5,6,7) 3(1,2,3,5,6,7) 4(1) 5.46565604
308. 2(1,2,3,4,5,6,8) 3(1,2,3,5,6,7) 4(1) 5.46565604
309. 2(1,2,3,4,5,6,7) 3(1,2,3,4,5,6,7)  5.46557143
310. 2(1,2,3,4,6,7,8) 3(1,2,3,4,5,6,7)  5.46557143
311. 2(1,2,3,5,6,7) 3(1,2,3,4,5,6,7) 4(1) 5.46466923
312. 2(1,3,4,6,7,8) 3(1,2,3,4,5,6,7) 4(1) 5.46466923
313. 2(1,2,4,5,6,7,8) 3(1,2,3,5,8) 4(1,2) 5.46330989
314. 2(1,2,3,5,6,7,8) 3(1,2,5,7,8) 4(1,2) 5.46330989
315. 2(1,2,4,5,6,7,8) 3(1,2,3,4,5) 4(1,2) 5.46203187
316. 2(1,3,4,5,6,7,8) 3(1,2,3,4,5) 4(1,2) 5.46203187
317. 2(1,2,3,4,5,6,7,8) 3(1,2,3,5) 4(1,2) 5.4604033
318. 2(1,2,3,4,5,6,7,8) 3(1,3,4,5) 4(1,2) 5.4604033
319. 2(1,2,4,5,6,7) 3(1,2,3,4,5,8) 4(1,2) 5.45973297
320. 2(1,3,4,5,6,7) 3(1,2,3,4,5,6) 4(1,2) 5.45973297
321. 2(1,2,3,4,5,6,7) 3(1,2,3,4,5,7) 4(2) 5.45941648
322. 2(2,3,4,5,6,7,8) 3(1,2,3,4,5,6,7)  5.45811648
323. 2(1,2,3,4,5,7) 3(1,2,3,4,5,8) 4(1,2) 5.45705714
324. 2(2,4,5,6,7,8) 3(1,2,3,4,5,6) 4(1,2) 5.45705714
325. 2(2,3,5,6,7) 3(1,2,3,4,5,6,7) 4(1,2) 5.45686703
326. 2(3,4,6,7,8) 3(1,2,3,4,5,6,7) 4(1,2) 5.45686703
327. 2(1,2,4,5,8) 3(1,2,3,4,5,6,7,8) 4(1) 5.45584615
328. 2(5,6,7,8) 3(1,2,3,4,5,6,7,8) 4(1,2) 5.45562198
329. 2(1,2,3,4,5,6,7,8) 3(1,2,3,5,8) 4(2) 5.45550769
330. 2(1,2,3,4,5,6,7,8) 3(1,2,5,7,8) 4(2) 5.45550769
331. 2(2,3,4,5,6,8) 3(1,2,3,4,5,8) 4(1,2) 5.4549989
332. 2(1,2,3,6,7,8) 3(1,2,3,4,5,6) 4(1,2) 5.4549989
333. 2(1,2,3,4,5,6,7) 3(1,2,3,5,6,8) 4(1) 5.45405495
334. 2(1,2,3,4,5,7,8) 3(1,2,4,5,7,8) 4(1) 5.45405495
335. 2(1,2,3,4,5,6,7,8) 3(1,2,3,5,8) 4(1) 5.45308791
336. 2(1,2,3,4,5,6,7,8) 3(1,2,5,7,8) 4(1) 5.45308791
337. 2(1,2,3,4,5,7,8) 3(1,2,3,4,5,6) 4(1) 5.45277692
338. 2(1,2,3,4,5,7,8) 3(1,2,3,4,5,8) 4(1) 5.45277692
339. 2(1,2,3,4,5,6,7,8) 3(1,2,3,4,5,8)  5.45271538
340. 2(1,2,3,4,5,6,7,8) 3(1,2,3,4,5,6)  5.45271538
341. 2(3,5,6,7,8) 3(1,2,3,4,5,6,7) 4(1,2) 5.45201319
342. 2(1,2,3,4,6) 3(1,2,3,4,5,6,7) 4(1,2) 5.45178462
343. 2(1,2,3,4,7) 3(1,2,3,4,5,6,7) 4(1,2) 5.45178462
344. 2(1,2,3,4,5,6,8) 3(1,2,3,5,6,8) 4(1) 5.44932088
345. 2(1,2,3,4,5,6,8) 3(1,2,4,5,7,8) 4(1) 5.44932088
346. 2(1,2,3,5,6,7,8) 3(1,2,3,4,5,6) 4(1) 5.44875604
347. 2(2,3,4,5,6,7,8) 3(1,2,3,4,5,8) 4(1) 5.44875604
348. 2(1,2,3,4,5,6,7) 3(1,2,3,5,8) 4(1,2) 5.44343736
349. 2(1,2,3,4,5,7,8) 3(1,2,5,7,8) 4(1,2) 5.44343736
350. 2(1,2,3,4,5,8) 3(1,2,3,4,5,6,7) 4(1) 5.44125824
351. 2(1,2,3,4,5,6,8) 3(1,2,3,4,5,7) 4(1) 5.44011978
352. 2(1,2,3,4,6,7,8) 3(1,2,3,4,5,7) 4(1) 5.44011978
353. 2(2,3,4,5,6,7) 3(1,2,3,4,5,6,7) 4(2) 5.43976154
354. 2(2,3,4,6,7,8) 3(1,2,3,4,5,6,7) 4(2) 5.43976154
355. 2(1,2,3,4,5,6,8) 3(1,2,3,5,8) 4(1,2) 5.4387033
356. 2(1,2,3,4,5,6,8) 3(1,2,5,7,8) 4(1,2) 5.4387033
357. 2(2,3,4,5,6,7) 3(1,2,3,4,5,7) 4(1,2) 5.43821429
358. 2(1,2,3,5,6,7) 3(1,2,3,4,5,7) 4(1,2) 5.43821429
359. 2(1,2,5,6,7,8) 3(1,2,3,4,5,6,7) 4(2) 5.43777802
360. 2(1,4,5,6,7,8) 3(1,2,3,4,5,6,7) 4(2) 5.43777802
361. 2(2,3,4,5,6,7) 3(1,2,3,4,5,6,7) 4(1) 5.43734176
362. 2(2,3,4,6,7,8) 3(1,2,3,4,5,6,7) 4(1) 5.43734176
363. 2(2,3,4,6,7) 3(1,2,3,4,5,6,7) 4(1,2) 5.43699451
364. 2(1,3,5,6,7,8) 3(1,2,3,4,5,6,7) 4(2) 5.43685934
365. 2(1,2,3,4,5,6) 3(1,2,3,4,5,7) 4(1,2) 5.43671538
366. 2(1,2,3,4,6,7) 3(1,2,3,4,5,7) 4(1,2) 5.43671538
367. 2(1,2,3,4,5,6,8) 3(1,2,3,4,5,6) 4(1) 5.4342989
368. 2(1,2,3,4,6,7,8) 3(1,2,3,4,5,8) 4(1) 5.4342989
369. 2(1,2,4,5,6,7,8) 3(1,2,5,7,8) 4(1,2) 5.43124835
370. 2(1,2,3,5,6,7,8) 3(1,2,3,5,8) 4(1,2) 5.43124835
371. 2(2,3,5,6,7,8) 3(1,2,3,4,5,7) 4(1,2) 5.42948901
372. 2(2,4,5,6,7,8) 3(1,2,3,4,5,6,7) 4(2) 5.42800989
373. 2(1,2,3,4,5,7) 3(1,2,3,4,5,6,7) 4(1) 5.42675604
374. 2(1,2,3,4,6,8) 3(1,2,3,4,5,6,7) 4(1) 5.42675604
375. 2(2,3,4,5,6,7,8) 3(1,2,3,4,5,7) 4(2) 5.42531538
376. 2(1,2,3,5,6,7,8) 3(1,2,3,4,5,7) 4(2) 5.42531538
377. 2(1,2,3,4,5,6,8) 3(1,2,3,4,5) 4(1,2) 5.42368132
378. 2(1,2,3,4,6,7,8) 3(1,2,3,4,5) 4(1,2) 5.42368132
379. 2(2,3,4,5,6,7,8) 3(1,2,3,4,5,6) 4(1) 5.42142857
380. 2(1,2,3,5,6,7,8) 3(1,2,3,4,5,8) 4(1) 5.42142857
381. 2(1,2,5,6,7,8) 3(1,2,3,4,5,8) 4(1,2) 5.42101978
382. 2(3,4,5,6,7,8) 3(1,2,3,4,5,6) 4(1,2) 5.42101978
383. 2(1,2,3,5,6,7) 3(1,2,3,4,5,6) 4(1,2) 5.4101011
384. 2(2,3,4,5,6,7) 3(1,2,3,4,5,8) 4(1,2) 5.4101011
385. 2(1,2,3,4,5,6) 3(1,2,3,4,5,6,7) 4(1) 5.4091967
386. 2(1,2,3,4,7,8) 3(1,2,3,4,5,6,7) 4(1) 5.4091967
387. 2(1,2,3,4,5,6,7,8) 3(1,2,3,4,5) 4(2) 5.40842418
388. 2(1,2,3,4,5,6,7) 3(1,2,3,4,5,7) 4(1) 5.40805824
389. 2(1,2,3,4,5,6,7,8) 3(1,2,3,4) 4(1,2) 5.40675385
390. 2(1,2,3,4,5,6,7,8) 3(1,2,3,8) 4(1,2) 5.40675385
391. 2(1,2,3,4,5,6,7,8) 3(1,2,3,4,5) 4(1) 5.4060044
392. 2(1,2,3,4,6,7,8) 3(1,2,3,4,5,6) 4(1) 5.40223736
393. 2(1,2,3,4,5,6,8) 3(1,2,3,4,5,8) 4(1) 5.40223736
394. 2(2,3,5,6,7,8) 3(1,2,3,4,5,6,7) 4(2) 5.39197253
395. 2(3,4,5,6,7,8) 3(1,2,3,4,5,6,7) 4(2) 5.39197253
396. 2(2,3,5,6,7,8) 3(1,2,3,4,5,8) 4(1,2) 5.38895824
397. 2(2,3,5,6,7,8) 3(1,2,3,4,5,6) 4(1,2) 5.38895824
398. 2(1,2,3,4,5) 3(1,2,3,4,5,6,7,8) 4(1) 5.3846011
399. 2(1,2,3,5,6,7,8) 3(1,2,3,4,5) 4(1,2) 5.38416484
400. 2(2,3,4,5,6,7,8) 3(1,2,3,4,5) 4(1,2) 5.38416484
401. 2(2,3,4,5,6,7) 3(1,2,3,4,5,6) 4(1,2) 5.38277363
402. 2(1,2,3,5,6,7) 3(1,2,3,4,5,8) 4(1,2) 5.38277363
403. 2(1,2,3,4,6,7) 3(1,2,3,4,5,6,7) 4(1) 5.37713516
404. 2(1,2,3,4,5,6,7) 3(1,2,3,4,5,6) 4(1) 5.37490989
405. 2(1,2,3,4,5,6,7) 3(1,2,3,4,5,8) 4(1) 5.37490989
406. 2(1,2,3,4,5,6,7) 3(1,2,3,4,5) 4(1,2) 5.36429231
